0.153361 0.103975 -0.684262
0.113294 0.104248 -0.680408
0.192717 0.102287 -0.687925
0.072209 0.103955 -0.677005
0.231508 0.100990 -0.692668
0.270354 0.099322 -0.698094
0.310502 0.097022 -0.705261
-0.086299 0.101049 -0.669530
-0.122371 0.100256 -0.669271
0.349987 0.093064 -0.713999
0.113911 0.091699 -0.674059
0.154267 0.091162 -0.677878
0.193241 0.090885 -0.682282
-0.161451 0.098074 -0.669746
0.232738 0.090231 -0.687345
0.073289 0.091228 -0.670580
0.034677 0.090618 -0.667925
0.271840 0.088170 -0.692796
-0.200720 0.095432 -0.671877
0.311747 0.087317 -0.700614
-0.005176 0.088911 -0.665385
-0.044993 0.087457 -0.663373
-0.085924 0.087129 -0.662731
-0.235861 0.091823 -0.674763
0.350124 0.083985 -0.709475
-0.121833 0.086321 -0.662718
0.389956 0.081824 -0.719221
-0.161253 0.083927 -0.663139
-0.275459 0.088235 -0.679353
0.233894 0.077030 -0.682653
0.194192 0.076710 -0.677314
-0.200735 0.081838 -0.665418
0.155427 0.076582 -0.672755
0.115293 0.076495 -0.668643
0.273002 0.076306 -0.688774
0.074695 0.076266 -0.665185
0.312664 0.075551 -0.696527
0.035443 0.074909 -0.662233
-0.235986 0.079888 -0.669076
-0.314808 0.083168 -0.685311
-0.004237 0.073972 -0.660098
0.351838 0.073134 -0.706028
-0.044014 0.071965 -0.658050
-0.275841 0.076658 -0.673846
-0.084647 0.071282 -0.657240
0.390907 0.072048 -0.716160
-0.121213 0.070216 -0.657261
-0.160692 0.069015 -0.658123
-0.315285 0.071116 -0.679744
-0.200458 0.066962 -0.660370
0.428703 0.068172 -0.729506
0.234539 0.063779 -0.679846
0.115681 0.062957 -0.665632
0.274177 0.063652 -0.686277
-0.235807 0.065681 -0.664095
0.195344 0.062534 -0.674440
0.352319 0.064036 -0.704088
0.155724 0.061066 -0.669543
0.075748 0.060695 -0.661840
-0.353702 0.065858 -0.686777
0.391775 0.063134 -0.714644
-0.275977 0.062782 -0.669115
0.036059 0.058831 -0.658842
-0.003817 0.057882 -0.656656
-0.043487 0.056481 -0.654881
-0.314882 0.058996 -0.675660
-0.084714 0.055522 -0.654012
0.429490 0.059688 -0.728381
-0.120783 0.054238 -0.654136
-0.160180 0.052884 -0.654885
-0.200373 0.051152 -0.657267
-0.353861 0.053763 -0.683060
0.314476 0.052488 -0.693440
-0.235901 0.050282 -0.660981
0.235698 0.050858 -0.678813
0.274762 0.051457 -0.685371
0.391890 0.053990 -0.713994
0.353472 0.052940 -0.703394
-0.275814 0.049011 -0.666336
0.195690 0.048596 -0.673429
-0.392634 0.050977 -0.694058
0.156313 0.047077 -0.668562
0.116374 0.046169 -0.664237
-0.314842 0.046530 -0.672984
0.429266 0.051076 -0.728108
0.076217 0.044514 -0.660642
0.036519 0.043133 -0.657688
-0.003408 0.042116 -0.655410
-0.043832 0.041005 -0.653676
-0.353973 0.042043 -0.680996
-0.083534 0.039265 -0.652836
0.391619 0.044859 -0.714334
-0.120342 0.038249 -0.653000
-0.392565 0.040069 -0.692187
-0.159730 0.037877 -0.653873
-0.199673 0.036838 -0.656185
0.353533 0.042383 -0.703882
0.314557 0.041344 -0.693830
-0.235566 0.035758 -0.659828
0.275267 0.039096 -0.686021
-0.275263 0.034220 -0.665008
0.429208 0.041821 -0.729373
-0.314704 0.033086 -0.671916
0.235003 0.036803 -0.679206
-0.353742 0.031130 -0.680219
0.196730 0.034729 -0.674261
0.156231 0.033493 -0.669238
-0.392228 0.029882 -0.691545
0.116649 0.031674 -0.664980
0.077094 0.029187 -0.661576
0.391678 0.035279 -0.716123
0.353946 0.033981 -0.705442
0.037116 0.027478 -0.658612
-0.002939 0.026094 -0.656264
-0.042233 0.024467 -0.654575
-0.083605 0.023266 -0.653757
0.314153 0.030128 -0.695591
-0.159380 0.022067 -0.654686
-0.119619 0.022064 -0.653948
-0.274388 0.020568 -0.665541
-0.353223 0.020069 -0.680835
-0.235115 0.020086 -0.660677
-0.199129 0.020064 -0.657173
-0.391502 0.019245 -0.692041
0.275443 0.026774 -0.688221
-0.313885 0.018089 -0.672608
0.236204 0.023283 -0.681856
0.390491 0.026594 -0.718556
0.196479 0.020924 -0.676773
0.353047 0.023357 -0.708333
0.156123 0.018349 -0.671981
-0.390659 0.008782 -0.693711
-0.352312 0.007527 -0.682701
0.116513 0.015460 -0.668041
0.313480 0.018862 -0.698684
-0.273715 0.006284 -0.667936
0.077217 0.012858 -0.664797
-0.313114 0.005021 -0.674944
0.037430 0.011171 -0.661809
-0.234331 0.005353 -0.663286
-0.002429 0.009875 -0.659300
-0.198869 0.005490 -0.659929
-0.158704 0.006299 -0.657579
-0.082905 0.007363 -0.656678
-0.042047 0.008092 -0.657641
-0.119680 0.006225 -0.656951
0.275525 0.015307 -0.691774
0.235248 0.010808 -0.685723
-0.351310 -0.003669 -0.685935
0.352636 0.013158 -0.712976
0.196566 0.007953 -0.680970
-0.311591 -0.006406 -0.678309
0.155719 0.004561 -0.676324
-0.272247 -0.007665 -0.672268
0.312527 0.007586 -0.703361
0.116556 0.000479 -0.673079
-0.233496 -0.009011 -0.667830
-0.198084 -0.008333 -0.664351
0.077452 -0.002125 -0.670019
0.037875 -0.004184 -0.667078
-0.158002 -0.009793 -0.662713
0.275215 0.002645 -0.697506
-0.082789 -0.008697 -0.661906
-0.041748 -0.007569 -0.662769
-0.118834 -0.009827 -0.662220
0.235457 -0.001795 -0.691716
-0.310138 -0.018578 -0.683537
0.196303 -0.005401 -0.687057
-0.270781 -0.020622 -0.678072
0.155897 -0.008601 -0.682448
-0.232397 -0.022138 -0.673663
-0.196969 -0.022647 -0.670842
0.116329 -0.011997 -0.679015
0.077330 -0.014469 -0.675946
-0.156579 -0.023303 -0.668984
-0.118002 -0.023138 -0.668334
-0.082008 -0.022439 -0.668279
0.033815 0.103541 -0.674507
-0.005454 0.103022 -0.672332
-0.045852 0.102408 -0.670766
0.389182 0.089342 -0.722872
0.426899 0.083680 -0.734580
-0.353236 0.077028 -0.691892
0.427800 0.076028 -0.731455
-0.391701 0.070882 -0.700985
0.313794 0.064055 -0.694519
-0.392561 0.061119 -0.696959
-0.429307 0.060672 -0.713855
-0.430347 0.053280 -0.711070
-0.431038 0.045327 -0.708854
-0.431359 0.036459 -0.707330
0.428474 0.032957 -0.731607
-0.431033 0.028132 -0.706544
0.427890 0.026276 -0.734471
-0.430955 0.019555 -0.707303
0.389893 0.018930 -0.721956
-0.429819 0.011180 -0.708447
-0.428830 0.002449 -0.710867
-0.389841 -0.000882 -0.696557
-0.427139 -0.004985 -0.713703
-0.002308 -0.004435 -0.663904
-0.388391 -0.011025 -0.700704
-0.349224 -0.015561 -0.691026
0.038241 -0.017070 -0.673330
-0.041610 -0.021826 -0.669387
0.158312 -0.143923 -0.710716
-0.281766 -0.155352 -0.681817
-0.506210 -0.113321 -0.910001