1.09952843668, 0.0549482737521, 0.619297011784
0.999265041516, 0.0525388454294, 0.623098649941
1.1979014374, 0.0563361326262, 0.612148776486
0.896506303371, 0.0511338972202, 0.625330903342
1.29506929335, 0.0606442134625, 0.605454596725
1.3924607558, 0.0664324951186, 0.597522048403
1.49333206689, 0.075944881668, 0.587163161699
0.500859852971, 0.0586648876012, 0.626875396235
0.41104695923, 0.063835844832, 0.626209917718
1.59270224985, 0.0886121703915, 0.572012730255
0.998963740127, 0.0309294945931, 0.595441607526
1.09992329728, 0.0330776062839, 0.591001843562
1.19755699595, 0.0370149948339, 0.586960238374
0.313782024309, 0.0706492799588, 0.621888936387
1.29657405721, 0.0422909146879, 0.581662238173
0.897332832771, 0.0291744853583, 0.597260313717
0.800825866452, 0.0290198032665, 0.598277915496
1.39458102736, 0.0479082559425, 0.572748153198
0.21628574504, 0.0813172104373, 0.615650823117
1.49505147028, 0.059743546587, 0.565622830145
0.701180302773, 0.0288335234364, 0.596596238153
0.601726108415, 0.0300509914635, 0.595277873983
0.499795537907, 0.0353424270566, 0.596089238258
0.129116954658, 0.0926577441747, 0.606551954859
1.59172598053, 0.0732005835352, 0.551979723885
0.410426961377, 0.0410787470885, 0.595263340092
1.69223815502, 0.0891289289767, 0.540728249104
0.312293977002, 0.0477171836301, 0.590460631631
0.0311399721612, 0.108931672386, 0.596825428128
1.29783993865, 0.0243218322564, 0.551594724003
1.19820562152, 0.0179411915285, 0.554649706143
0.214327465249, 0.0590475476497, 0.585510708228
1.10104059156, 0.0133957998434, 0.557768650391
1.00054559002, 0.010195790717, 0.560816128959
1.39605639368, 0.0322134755123, 0.545628101202
0.898993344958, 0.00860374766214, 0.56321591727
1.4959132325, 0.0439789975322, 0.538781626974
0.800798369022, 0.00747628306908, 0.562569755432
0.127116878293, 0.0730853516661, 0.580101507552
-0.0660911505689, 0.127794337389, 0.582813966663
0.70169825064, 0.00861746176082, 0.562570945895
1.59473263437, 0.0592995650324, 0.527042960599
0.602302143393, 0.00947553733467, 0.559915938534
0.0285528671296, 0.0900140406763, 0.571172156798
0.50106271602, 0.0141359122503, 0.559930376587
1.69347873151, 0.0768153902385, 0.518259408671
0.410048933675, 0.0199443575756, 0.558477928667
0.311917394648, 0.0282403366649, 0.556382851638
-0.0689548184907, 0.10851919885, 0.556030717263
0.213241635549, 0.0395584960484, 0.551545458467
1.78939989577, 0.101059425255, 0.501143054731
1.29813706059, 0.0110176414177, 0.520512914186
1.00015197434, -0.00369966534341, 0.52913876297
1.39776038659, 0.0198608648793, 0.5158403756
0.125841185588, 0.0540968205272, 0.54774356428
1.19969342375, 0.00394385858998, 0.521321344599
1.59502945798, 0.05012740126, 0.505707434659
1.10026084067, -0.00192134994208, 0.521352571822
0.900068863159, -0.00719395166546, 0.526705294513
-0.163705924332, 0.12975475652, 0.54100436254
1.69481865767, 0.0686999292095, 0.497157338545
0.0265554914192, 0.071848157671, 0.539513463083
0.800746896617, -0.00860144604827, 0.524855030938
0.7011502424, -0.00755690600803, 0.524857687659
0.602103484808, -0.00576075730638, 0.523550087742
-0.0693937839006, 0.0926806500337, 0.528338515108
0.499359320909, -0.00127468047777, 0.522936749246
1.7906293693, 0.0941180630575, 0.480907005228
0.40958436742, 0.00459566697481, 0.520885575295
0.31162863131, 0.0125285366898, 0.518468074087
0.211933340291, 0.0244030428983, 0.514364450077
-0.165481646264, 0.114920336115, 0.513214387065
1.49843648419, 0.0250953659326, 0.483796028847
0.124112326823, 0.0391418983778, 0.511578923479
1.30002130551, 0.00211357538371, 0.489367162168
1.39828422812, 0.0117126432834, 0.486427618221
1.69441121789, 0.0627173389073, 0.47509937697
1.59707109526, 0.0429252844785, 0.478862732835
0.025624851243, 0.0584460603807, 0.507161529411
1.19949368864, -0.00525388705394, 0.487703176765
-0.260316735409, 0.14707845432, 0.502335727582
1.10066708696, -0.0111119244342, 0.487587451911
1.00056977714, -0.0152582079358, 0.488723068739
-0.0705297268845, 0.0801756178232, 0.49913308264
1.78947405975, 0.0893684352004, 0.459979537969
0.900000486892, -0.0179427236192, 0.487686621916
0.800694331688, -0.019010112561, 0.486996929186
0.70095154677, -0.0182139450828, 0.486879203181
0.600054702593, -0.0160496901238, 0.486285255862
-0.166848500862, 0.104292262457, 0.485543730532
0.501058052622, -0.0121279884575, 0.483698912003
1.69320495375, 0.059223694706, 0.452608492005
0.409468744138, -0.00590507572829, 0.482307579428
-0.261149897032, 0.13727908232, 0.47655257233
0.311618648783, 0.00279890965132, 0.482232151394
0.21257840088, 0.0147913623197, 0.479849463834
1.59662285661, 0.0390535277677, 0.452801761188
1.49798435457, 0.0207000322068, 0.456345756855
0.12382453084, 0.0293189648027, 0.476596090384
1.39885054171, 0.00729684323588, 0.455861604462
0.0258287702349, 0.0480311501049, 0.471603016325
1.78893948698, 0.0880368388473, 0.436732839899
-0.0712242706778, 0.0711108120704, 0.466757400822
1.29745232168, -0.00353461165659, 0.454819463146
-0.167101782275, 0.0971331567482, 0.459216046576
1.20132330215, -0.0100378877861, 0.453348533535
1.09969893608, -0.0159489662689, 0.454035988367
-0.261070958593, 0.130778797742, 0.451932358601
1.00044183312, -0.0204288912289, 0.452899512614
0.901347298773, -0.0231485514627, 0.449716662278
1.69302539163, 0.0589955727847, 0.428310584934
1.5973624429, 0.0387695291068, 0.431484466697
0.801321997245, -0.024349336727, 0.448238377208
0.701225896613, -0.0238777417177, 0.447260726178
0.603113741982, -0.022044276948, 0.445346878366
0.500001625723, -0.0175246769129, 0.444121621029
1.49654343196, 0.0196999439139, 0.428074212579
0.311604008916, -0.00284310895971, 0.443155803573
0.410379601493, -0.01146096656, 0.442236994338
0.0272133682557, 0.042648476154, 0.437923621909
-0.166422539472, 0.0932541337281, 0.431845949925
0.124075812354, 0.0238135557087, 0.437836744828
0.213012637813, 0.00908190007302, 0.438324533444
-0.259869028352, 0.126774301337, 0.425650649435
1.39885221678, 0.00673960854297, 0.424654618782
-0.0700397060364, 0.065482144974, 0.429713121174
1.29999928357, -0.00374244491775, 0.420432510124
1.68990864028, 0.0609813409689, 0.405931372225
1.20021809109, -0.0104701033639, 0.41837719629
1.59491151302, 0.0408959105941, 0.404132329063
1.09890070605, -0.01648266163, 0.415673408507
-0.2581746676, 0.125698730089, 0.399225157068
-0.164661009756, 0.0916503453428, 0.400238326656
0.999556664626, -0.0206936511634, 0.411767230513
1.49464605702, 0.02197340997, 0.399047119618
0.0283566041026, 0.0415430485927, 0.401807514408
0.901124855827, -0.0231221858654, 0.408217725828
-0.0685840662195, 0.0647978708581, 0.396596824327
0.801572144369, -0.0244037626331, 0.406798733403
0.125500928254, 0.022996583531, 0.400515669429
0.701943116192, -0.0243166425149, 0.406107673251
0.213168483453, 0.00878966016245, 0.401338261706
0.312739948687, -0.00344367621773, 0.40316957281
0.501193113106, -0.0181256203939, 0.403790905112
0.603019921074, -0.022429075714, 0.403808097458
0.409695698577, -0.0117006858636, 0.402047571155
1.39889432056, 0.00991031974272, 0.394890144705
1.29744567066, -0.000109776813595, 0.388084107629
-0.162364898857, 0.0940143974311, 0.371261146143
1.59398558341, 0.0474186380678, 0.376960061505
1.20028024421, -0.00644806425888, 0.384623263455
-0.0649857317174, 0.0672818370873, 0.36697486158
1.0977127289, -0.0124110932807, 0.379866277963
0.0318126124852, 0.0451898545721, 0.365552200423
1.49230827611, 0.0281565849571, 0.369241249798
0.999516366957, -0.0155731812933, 0.372692731171
0.127390168867, 0.027070755693, 0.363163229128
0.214948390868, 0.0128335217267, 0.365369560692
0.901591795388, -0.0175864424624, 0.369043556719
0.802545093876, -0.0189673234246, 0.366685261916
0.314282840933, 0.00126645962627, 0.361310155787
1.39823763852, 0.0178951845664, 0.361165092062
0.50129576919, -0.0130702783974, 0.361983145514
0.603587203417, -0.0174582388521, 0.363018699836
0.411621201948, -0.00666655622048, 0.3602163621
1.29812595551, 0.00845146331135, 0.354361077271
-0.0613075491942, 0.0739687851472, 0.334635083738
1.19975347572, 0.00206410495288, 0.349032930883
0.0355659704692, 0.0529048808203, 0.331014248057
1.09830118062, -0.00379230515461, 0.344713722478
0.130224472279, 0.0348381128519, 0.328207154967
0.217852761524, 0.0216362087416, 0.327192357481
0.999111145427, -0.00701556568042, 0.339321719555
0.90145476665, -0.00900561832151, 0.335996425972
0.317969349061, 0.00986412956266, 0.325195838504
0.413825108071, 0.00174441720458, 0.32468330921
0.503387071016, -0.00422462450358, 0.325272634803
0.800579603192, 0.051418887227, 0.626745352059
0.702522147336, 0.0525920335909, 0.627775204883
0.60174916112, 0.0553997761344, 0.628315210552
1.69138818627, 0.101771643992, 0.557383780359
1.78673256527, 0.121176138177, 0.536690397561
-0.160999587584, 0.147506341846, 0.565848260683
1.78797502647, 0.109731476646, 0.519449587484
-0.255593402664, 0.173353543834, 0.547658668979
1.49765901873, 0.0333819459061, 0.511592343367
-0.259012756944, 0.15900108964, 0.525744317659
-0.347700061266, 0.206328075819, 0.517680676222
-0.351213527742, 0.196170464315, 0.500973890042
-0.353802830668, 0.187073458856, 0.482609529986
-0.355418576944, 0.179164278297, 0.461661727052
1.78690569914, 0.0893735415671, 0.413997219121
-0.355270694823, 0.173204560123, 0.44166106757
1.78548749345, 0.0932671148272, 0.396293178874
-0.355505383234, 0.170939006022, 0.420312329986
1.68847923745, 0.0657152199749, 0.385564956052
-0.35303318901, 0.169528562813, 0.3992384877
-0.35074275937, 0.171087619573, 0.376683673593
-0.256300540638, 0.127880424624, 0.374188279785
-0.346555452106, 0.174162533708, 0.35707868451
0.702069659033, -0.019947789268, 0.36888116707
-0.252674474553, 0.132900257085, 0.347332685011
-0.157116479124, 0.100392442444, 0.339652127686
0.803639640977, -0.00993622212464, 0.332140173928
0.604085780148, -0.00815081184865, 0.32495086679
