1.10335930826, 0.0577577074326, 0.612886367773
1.00293775349, 0.0552507863632, 0.616764672242
0.900037970729, 0.0533612172698, 0.619498333992
1.20188834835, 0.0592715890205, 0.605519417908
1.29917423273, 0.0635042153848, 0.598552345021
1.39667172105, 0.0691999737575, 0.590693075974
0.503876403949, 0.0608274281584, 0.622579854617
0.414009189039, 0.066844814181, 0.621997705975
1.49771668414, 0.0784481437499, 0.580753848653
0.316699337477, 0.0739137024413, 0.617689561709
1.00260723122, 0.0335606045126, 0.589588627443
1.1037886685, 0.0358732924352, 0.584946117051
0.900844935422, 0.0314655830009, 0.591705518829
1.20164182009, 0.0400168961724, 0.58069894124
1.30081088528, 0.0449219922404, 0.575276621824
0.804264986742, 0.0310429029922, 0.593274703028
0.219139831866, 0.0844832428495, 0.61117526617
0.704576034255, 0.0309945345913, 0.592012583801
1.39891625786, 0.0504976954701, 0.566285154069
0.604864353161, 0.0317011760292, 0.591393528411
1.49953887747, 0.0623135224343, 0.55926931117
0.131685856285, 0.095391738533, 0.602556536507
0.502797851858, 0.0372669994586, 0.592459330938
0.413356970615, 0.043835122422, 0.59167130918
1.59615777865, 0.0763590495986, 0.545646273069
0.0334635556865, 0.111107098631, 0.59357173995
0.315117206298, 0.0506668502509, 0.586946604439
1.69722172648, 0.090186761741, 0.536148330595
0.216944909592, 0.0612966562902, 0.582264377204
1.00429044165, 0.0128527046264, 0.555721799298
1.10523656722, 0.0163531387624, 0.552451604378
1.20263126344, 0.0211707378473, 0.548959763528
1.30245068361, 0.0269884948152, 0.545812097069
0.902595475761, 0.010984214655, 0.558558410992
-0.0642089090528, 0.129182742895, 0.580420609408
0.129427339675, 0.0750229065257, 0.577166613748
1.4007353425, 0.0351847927276, 0.539941645873
0.804480152601, 0.00945935065929, 0.558432931053
1.50062629421, 0.0476429362991, 0.532835529312
0.705409581071, 0.0109265883689, 0.558697219848
0.0306263940292, 0.0915347636612, 0.568682618092
0.605628825746, 0.0110809992833, 0.556934867177
0.504187519663, 0.0159792418437, 0.557223049139
1.59949279034, 0.0629385146469, 0.521206289461
0.412952549924, 0.022226619548, 0.555959879959
1.69830749235, 0.0790062554773, 0.513483326059
0.314517444021, 0.0306742408312, 0.554014662134
-0.0673125391871, 0.109342853119, 0.554238128143
0.215647134781, 0.0406060440205, 0.549823415959
0.128046954208, 0.0551803326533, 0.546058463847
1.79448009855, 0.103667471632, 0.496760441466
1.00406942331, -0.00104319166984, 0.524843379686
1.30295062248, 0.0138362264987, 0.515334698253
1.40276799794, 0.0228558620102, 0.51078616748
1.20420609137, 0.0070814027358, 0.516403143846
-0.162580767362, 0.129573396286, 0.539942810314
0.903717649039, -0.00493889952884, 0.522977590035
0.0282683480728, 0.0720163635659, 0.538488290273
1.10456315353, 0.00107413479825, 0.516820663293
1.59997999726, 0.0540479250325, 0.500175276221
0.804377002821, -0.00665470957249, 0.521619529999
1.69978219426, 0.0720335372034, 0.492344964174
0.704896193054, -0.00529058621926, 0.521946128136
0.605572887679, -0.00390485830638, 0.5213124935
-0.0679708146696, 0.0927985239184, 0.527441113195
0.502442803405, 0.000596159193037, 0.521095073578
0.412435629746, 0.00661624250443, 0.519315778065
1.79568005968, 0.0974662631529, 0.476589490766
0.314204080789, 0.0141905763851, 0.517206386117
-0.164726783981, 0.113955454252, 0.513173850271
0.214113241111, 0.0247291013482, 0.513738485888
0.126009136083, 0.0395612237686, 0.51098518987
1.5034539601, 0.0293530476736, 0.478641055514
0.0270780157613, 0.0579681653443, 0.507126715133
1.30493611868, 0.0050608908541, 0.48471610035
1.69942173869, 0.0664515627793, 0.470458095978
1.40337020656, 0.0149424927818, 0.481736758184
-0.260138933122, 0.146024930043, 0.502673800634
1.60214118132, 0.0470491108601, 0.47362218886
1.20409989668, -0.00198953610873, 0.483455503053
-0.0694028811394, 0.0796480090877, 0.499174666187
1.10501874368, -0.00811574888351, 0.483749037789
1.00457542283, -0.0127828747041, 0.48529844782
1.79445941981, 0.0929911557529, 0.455819878185
0.903722903456, -0.015626320239, 0.484729967165
0.804222116716, -0.0169909946927, 0.484542879828
-0.354745825204, 0.184744954626, 0.483287126052
0.704643580989, -0.0161843633574, 0.484820527033
-0.166469294236, 0.1025016543, 0.486391065448
0.603440788543, -0.013975650386, 0.484832193019
0.50414990001, -0.0102815405013, 0.482648403135
-0.261091719014, 0.13619828633, 0.477333184603
0.412292704148, -0.00403320816745, 0.481552433169
0.314183790803, 0.00378916177372, 0.481840761122
1.69826187762, 0.063513328876, 0.44817479266
0.214932344918, 0.0143977112761, 0.480076933747
0.125601708652, 0.0289462822519, 0.476933938951
1.6017966074, 0.043283286732, 0.447883060559
1.50301806726, 0.0251801728713, 0.451603992362
-0.35666787182, 0.176435820857, 0.462815502825
0.0271876692441, 0.0470879364475, 0.472329065914
1.40393472587, 0.0106353502421, 0.451557657727
-0.0703331406634, 0.0699285058535, 0.46760839415
1.79387726599, 0.0919389465557, 0.432878913869
1.30244776256, -0.000426416078515, 0.450778758438
-0.166895276973, 0.0949974114735, 0.460595427023
1.20597364888, -0.00656309352892, 0.44975351189
-0.261179081593, 0.129156726137, 0.453238390064
1.10410096916, -0.0129372859736, 0.450733991537
1.00451298473, -0.0179907011935, 0.45013281879
-0.356675146951, 0.170560660029, 0.443145043265
0.905048776296, -0.020919809441, 0.447483642109
1.69795155109, 0.0630711359679, 0.424249971071
1.60246200995, 0.0430117816343, 0.427038831113
0.804810604241, -0.0220682222544, 0.446513084078
0.704781075135, -0.0216059143256, 0.445937776142
0.606425457885, -0.0195475608661, 0.444667417968
0.503094806428, -0.015560152383, 0.443808639617
0.314113370505, -0.00239862304567, 0.443577389266
0.413172022827, -0.00963519170655, 0.442255534415
1.50148356542, 0.023577293795, 0.423787220722
0.0285405568854, 0.0412384771132, 0.439320365405
-0.166302268022, 0.0902404046787, 0.433803561892
0.126240175288, 0.0221279591307, 0.439205654617
0.215145854635, 0.00869796765633, 0.439269115789
-0.260132157086, 0.124150625552, 0.427528105275
-0.069236962932, 0.0635913668153, 0.431408614845
1.40383726421, 0.0102941089751, 0.420803503715
1.30492865527, 0.000395797756145, 0.417054537115
1.694604855, 0.0660639583368, 0.402434165222
1.20486634801, -0.00673336668539, 0.415393701338
-0.354152297461, 0.165419558662, 0.401767335338
1.59980820566, 0.0451745310969, 0.400345166756
1.1032773545, -0.0131709437427, 0.413078210223
1.00359571397, -0.0180768520331, 0.409791693813
-0.164467634744, 0.0882435873744, 0.402738553324
1.49965492259, 0.0260124524818, 0.395258390462
0.0297122467289, 0.0397398647344, 0.403924658021
0.904798747355, -0.0211435590676, 0.406793204714
-0.0676675535764, 0.062474321089, 0.398898959415
0.804979027584, -0.0219508387884, 0.405889767984
0.705321873674, -0.0220653310328, 0.405732337299
0.127318615925, 0.0213678574679, 0.402390821613
0.215287797529, 0.00821519708185, 0.402962631433
0.315051551967, -0.00329157070427, 0.404315403825
0.504297203092, -0.0160734996358, 0.404227589912
0.606196847873, -0.0197189580581, 0.403912912223
0.412434168227, -0.00986743966173, 0.402853510808
1.40376529178, 0.0134300677258, 0.391556076906
1.30216020403, 0.00492741162212, 0.385474192552
-0.161966638979, 0.0903751129136, 0.374248314198
1.20482548103, -0.00238716712369, 0.382311441803
1.10199940809, -0.00886700256455, 0.377966825253
-0.0641720940131, 0.0640199739239, 0.369743449627
0.0332272748164, 0.0429888047317, 0.368280277638
1.49723896916, 0.0316362927387, 0.365581448476
1.00346376858, -0.0126615290767, 0.371508504624
0.129295098477, 0.0256357369951, 0.365756397446
0.217148222215, 0.0117302397785, 0.367606040303
0.905242692044, -0.0153863936935, 0.368431394999
0.705362928988, -0.0178693876946, 0.369184372501
0.8059375804, -0.0165096274921, 0.366564780404
1.40290500805, 0.0220175738082, 0.358323220891
0.316637279233, 0.001324748173, 0.363270277477
0.504243869256, -0.0106360294606, 0.363276619117
0.606683416268, -0.0146629758972, 0.363886402571
0.41431976434, -0.00466345445412, 0.361791599188
1.3025484016, 0.0127166423642, 0.352034552372
-0.0605249295055, 0.0707325233739, 0.337681929029
1.20401025513, 0.00644022902974, 0.347157238537
0.03690235472, 0.0506882834288, 0.334091759377
1.10231612447, -0.000141980135016, 0.34327281606
0.132045498875, 0.0340751814654, 0.331298201119
1.00282013526, -0.00374375863742, 0.33860379023
0.220056912779, 0.0216807413613, 0.330206586209
0.904908037223, -0.0066273289183, 0.335745074327
0.320337359275, 0.0105247435969, 0.327623827189
0.416427476988, 0.00376762378842, 0.326616741302
0.50615731562, -0.00157577841113, 0.326994315517
0.604881524217, 0.0574973559038, 0.623480905983
0.705789617744, 0.0547907243941, 0.622681067459
0.803961824289, 0.0537031657198, 0.621051889832
-0.159466486183, 0.148324978786, 0.563853952928
-0.254690428778, 0.17378639572, 0.546563551707
-0.258556328852, 0.15843081107, 0.525467099311
-0.347806989811, 0.204844842423, 0.51735723686
1.59715611348, 0.0911454864339, 0.565822524108
-0.351686555547, 0.194318704419, 0.501097446548
1.69626852292, 0.102801565529, 0.552738186742
1.7918798429, 0.122311052561, 0.532551489617
1.79316557301, 0.111413826506, 0.515292817153
1.50271857217, 0.0374604841594, 0.506057143322
-0.356757944413, 0.167181654272, 0.422401313595
-0.258677235746, 0.121936448944, 0.401552683071
-0.256892807254, 0.122758878524, 0.376820757708
1.79171929157, 0.0935792265643, 0.410549044503
-0.253362419248, 0.127508235173, 0.35003174265
1.79011017988, 0.0975673746009, 0.392978768034
-0.156552830482, 0.0973372129653, 0.343075025839
1.69295563425, 0.071438139677, 0.382317103023
1.59861467704, 0.0521471429307, 0.373458075402
0.806870800943, -0.00783787416259, 0.332337370218
0.607044273105, -0.004902245127, 0.326400178495
-0.351800818568, 0.166688477932, 0.37960228856
-0.347285498202, 0.169954048015, 0.360171270201
