0.138623 0.104006 -0.725493
0.097572 0.106293 -0.723749
0.055494 0.108189 -0.722329
0.178868 0.100258 -0.727093
0.218601 0.096888 -0.729751
0.258408 0.093268 -0.733066
-0.106617 0.113611 -0.723355
-0.143415 0.114653 -0.725424
0.299637 0.089048 -0.737983
-0.183298 0.114344 -0.728165
0.097228 0.093724 -0.717077
0.138583 0.091108 -0.718804
0.055610 0.095346 -0.715626
0.178575 0.088820 -0.721223
0.219092 0.086105 -0.724043
0.016103 0.096827 -0.714912
-0.223314 0.113415 -0.732480
-0.024705 0.097226 -0.714549
0.259137 0.082015 -0.727398
-0.065518 0.097941 -0.714441
0.300215 0.079169 -0.733125
-0.259216 0.111573 -0.737135
-0.107291 0.099723 -0.716150
-0.143918 0.100720 -0.718458
0.339584 0.073871 -0.740231
-0.299541 0.110046 -0.743704
-0.184185 0.100234 -0.721131
0.380813 0.070175 -0.746957
-0.224434 0.100052 -0.725329
0.097640 0.078520 -0.711315
0.138909 0.076548 -0.713415
0.178719 0.074619 -0.716046
0.219522 0.072882 -0.719064
0.056056 0.080448 -0.709901
-0.339688 0.107017 -0.751540
-0.260335 0.099840 -0.730851
0.259664 0.070244 -0.723238
0.015907 0.081178 -0.708865
0.300440 0.067417 -0.729227
-0.024637 0.082300 -0.708999
-0.300894 0.098580 -0.737700
-0.065488 0.082514 -0.708755
-0.107011 0.083927 -0.710257
0.340745 0.062995 -0.736695
-0.144376 0.084725 -0.712464
0.381065 0.060203 -0.744178
-0.184700 0.085481 -0.715576
-0.341162 0.095013 -0.745525
-0.225228 0.085450 -0.719453
-0.261152 0.085839 -0.725215
0.420193 0.054466 -0.755787
0.097284 0.065051 -0.708059
0.219463 0.059624 -0.716080
0.260243 0.057566 -0.720492
0.179082 0.060444 -0.712847
-0.380342 0.091665 -0.754325
0.056209 0.064922 -0.706191
-0.302103 0.084980 -0.732121
0.138325 0.061067 -0.709960
0.340762 0.053859 -0.734711
0.015547 0.065153 -0.705166
0.381480 0.051160 -0.742978
-0.025164 0.066296 -0.705252
-0.065820 0.067053 -0.705420
-0.341650 0.082989 -0.740893
-0.108038 0.068248 -0.706793
-0.144905 0.068810 -0.708953
0.420503 0.045873 -0.754823
-0.185145 0.069432 -0.711727
-0.381441 0.079736 -0.750057
-0.226167 0.069749 -0.715788
-0.262288 0.070569 -0.721575
0.301115 0.044210 -0.725980
-0.302860 0.071314 -0.728836
0.219999 0.046627 -0.714874
0.381133 0.041938 -0.742386
0.260226 0.045278 -0.719508
-0.420674 0.078812 -0.763332
0.341405 0.042630 -0.733913
0.178740 0.046507 -0.711689
-0.342478 0.070638 -0.737734
0.138212 0.047066 -0.708766
0.097135 0.048253 -0.706329
0.419812 0.037192 -0.754588
0.055865 0.048730 -0.704784
0.015148 0.049460 -0.703811
-0.459682 0.074810 -0.779958
-0.025602 0.050542 -0.703676
-0.382386 0.068113 -0.747467
-0.067023 0.051638 -0.704118
-0.107687 0.051946 -0.705332
-0.421286 0.067885 -0.761291
-0.145305 0.052817 -0.707524
-0.185472 0.054421 -0.710217
0.380448 0.032764 -0.742884
-0.226134 0.055421 -0.714181
-0.262760 0.056074 -0.719878
0.341022 0.031996 -0.734343
0.300683 0.033024 -0.726344
-0.460647 0.065965 -0.778155
-0.303127 0.056494 -0.727091
0.260173 0.032809 -0.720060
-0.343142 0.057215 -0.736207
0.419352 0.027891 -0.755897
0.218663 0.032585 -0.715222
-0.382793 0.057174 -0.746397
0.179189 0.032589 -0.712406
-0.421539 0.057662 -0.760280
0.137526 0.033431 -0.709319
0.096779 0.033716 -0.706893
-0.460827 0.057609 -0.777279
0.056057 0.033337 -0.705477
0.380088 0.023111 -0.744514
0.341091 0.023586 -0.735813
0.015030 0.033775 -0.704647
-0.025912 0.034492 -0.704436
-0.066180 0.035035 -0.704927
-0.108485 0.035935 -0.706141
-0.185859 0.038564 -0.710621
-0.145315 0.036580 -0.708246
0.299787 0.021729 -0.727796
-0.302881 0.042763 -0.727240
-0.382800 0.046033 -0.746512
-0.262850 0.040378 -0.719991
-0.226431 0.038575 -0.714975
-0.421349 0.046933 -0.760215
-0.343031 0.042166 -0.736400
0.259833 0.020415 -0.722248
0.219346 0.019061 -0.718114
0.378497 0.014594 -0.747353
0.178400 0.018767 -0.714931
-0.460186 0.040555 -0.778351
0.339738 0.013038 -0.738690
0.136821 0.018276 -0.712069
0.096009 0.017493 -0.709905
-0.382348 0.033371 -0.748066
0.298753 0.010456 -0.730925
-0.302744 0.028403 -0.729319
0.055557 0.016957 -0.708463
-0.342704 0.028992 -0.738416
0.014701 0.017444 -0.707767
-0.026083 0.018282 -0.707294
-0.262767 0.025504 -0.722474
-0.226727 0.023935 -0.717527
-0.185857 0.022697 -0.713235
-0.108379 0.019966 -0.708933
-0.066672 0.018633 -0.707939
-0.146002 0.020722 -0.711129
0.259509 0.008890 -0.725721
0.217892 0.006728 -0.722313
-0.381609 0.022051 -0.751089
0.178048 0.005791 -0.719181
0.135943 0.004492 -0.716450
-0.341563 0.017351 -0.741258
-0.301663 0.014281 -0.733337
0.297459 -0.001032 -0.735421
0.095566 0.002507 -0.714978
-0.262328 0.011075 -0.726970
-0.226321 0.009964 -0.721623
0.055348 0.001960 -0.713682
-0.026435 0.003900 -0.711746
0.014694 0.002031 -0.712934
0.258809 -0.003818 -0.731685
-0.185622 0.006524 -0.718203
-0.108816 0.003908 -0.714217
-0.066878 0.002913 -0.713002
-0.145646 0.004584 -0.716336
0.217703 -0.006135 -0.727977
-0.340402 0.004931 -0.746399
0.177347 -0.007672 -0.725387
-0.300514 0.001080 -0.739036
0.135710 -0.008804 -0.722585
-0.261562 -0.002170 -0.732983
0.094957 -0.010046 -0.721051
-0.225523 -0.004351 -0.728467
0.054868 -0.010520 -0.719676
-0.184481 -0.007150 -0.724616
-0.145150 -0.008944 -0.722397
-0.108412 -0.010016 -0.720614
-0.318522 -0.136817 -0.743645
0.131632 -0.146865 -0.748454
-0.065265 0.112799 -0.722392
-0.023971 0.111351 -0.721808
0.016191 0.109717 -0.721926
-0.378883 0.102673 -0.760074
-0.418088 0.098516 -0.771205
-0.419836 0.088904 -0.766606
-0.456562 0.089971 -0.785498
0.340151 0.083096 -0.744658
-0.458281 0.082670 -0.782476
0.380552 0.077811 -0.750773
0.419430 0.070296 -0.760569
0.419816 0.062518 -0.757496
0.301061 0.055857 -0.727165
-0.461055 0.049011 -0.777488
-0.421002 0.036305 -0.761295
-0.420516 0.026404 -0.763504
0.418246 0.019054 -0.758236
-0.419346 0.015957 -0.767456
0.417405 0.012304 -0.761162
-0.379717 0.009991 -0.756271
0.377611 0.006925 -0.751029
0.338968 0.002763 -0.743523
0.014718 -0.011087 -0.719015
-0.067123 -0.011428 -0.719765
-0.459444 0.031715 -0.780548
-0.457795 0.024106 -0.783351
-0.532822 -0.085479 -0.988912
