1.10276960242, 0.0582277013119, 0.614036351158
1.00236121444, 0.0557131660241, 0.617918599081
0.89940550903, 0.0539872172822, 0.620507362541
1.20131857434, 0.059676327865, 0.606674610234
1.29861395878, 0.0638697984831, 0.599730637211
1.39611107227, 0.0695137857582, 0.591863561656
1.49713227932, 0.078774349949, 0.581796188862
0.503110822281, 0.0619649301559, 0.623433019343
0.413200622379, 0.067938084636, 0.622882054105
1.59657424912, 0.0913404024029, 0.566852852426
0.315824706508, 0.0750591002258, 0.618628649218
1.00203891368, 0.0340761363368, 0.590648673604
1.10320226598, 0.0363892131928, 0.586000702916
1.20107617511, 0.0404889091877, 0.581768707678
0.900203352878, 0.0320505017242, 0.592725703903
1.30024111247, 0.0454468808395, 0.576303021393
0.803587206033, 0.0317181064695, 0.594187160869
0.218213866413, 0.0855506827791, 0.612270201704
1.39832233635, 0.0508832804154, 0.567383732164
0.703821311611, 0.0317755081961, 0.592890661707
1.49893596818, 0.062710745682, 0.560302976381
0.604066557762, 0.0327525863672, 0.592151461648
0.130746829726, 0.0964172277037, 0.603631769007
0.501982425926, 0.0384391083415, 0.593202656595
0.412511687086, 0.0450280699005, 0.592459331922
1.5955984791, 0.0764639916756, 0.546671958598
1.69648213642, 0.0907590585532, 0.536790255697
0.0325127029989, 0.112186574216, 0.594526428712
0.314224794265, 0.0518701179346, 0.587793760751
0.21602300521, 0.0625715364981, 0.583109360602
1.30184136829, 0.02755669576, 0.546735416093
1.20207226199, 0.0216555560237, 0.549918791521
1.10464390287, 0.016889366708, 0.553362904266
1.00373440276, 0.0134347084398, 0.556629839697
1.40011826276, 0.0356237199995, 0.540818264733
0.902004950187, 0.0116024145515, 0.559410958211
-0.0651120397811, 0.130380969716, 0.581274895575
1.50006002555, 0.0477701296048, 0.533800501174
0.128497786686, 0.0763157069359, 0.5780104463
0.803834670837, 0.0101168354916, 0.559251175181
0.70455071784, 0.0115942892908, 0.559518626214
1.59889886557, 0.0630979020107, 0.522128616611
0.604780371626, 0.0121097981529, 0.557577214777
0.029700516869, 0.0928101902223, 0.569520612605
0.503311554852, 0.0171787186154, 0.557826788484
1.69772860596, 0.0792688714446, 0.514264584644
0.412084065827, 0.0235457364705, 0.556546423537
0.313635122955, 0.0319642406409, 0.554672322608
-0.0682009054863, 0.110681829497, 0.554986550522
0.214709030212, 0.0421594590273, 0.550391756515
1.79387825769, 0.104000591845, 0.49751616807
0.127128189231, 0.0566667294588, 0.546682685801
1.30233296958, 0.0144531767007, 0.516133175571
1.00352713527, -0.000382091651646, 0.525597044013
1.40209080827, 0.023285028406, 0.511582384064
1.2036592781, 0.00773149450929, 0.517191648956
1.59934067809, 0.0542263447304, 0.501044918681
0.903179585578, -0.00426622655274, 0.523688335669
1.10397351465, 0.00174906797225, 0.517554990778
1.69919844692, 0.072109879611, 0.493150533849
0.0274090041438, 0.0735562323374, 0.539046408576
0.803756199524, -0.00593708740132, 0.52228217738
0.70398222233, -0.0046117928608, 0.522615372005
0.604621808268, -0.0029584722334, 0.521831075464
-0.0688439845222, 0.0942849718115, 0.528027977294
1.7951086394, 0.0976999472087, 0.477328529566
0.501581534575, 0.00181687401928, 0.521550414093
0.411583034355, 0.00801760176478, 0.519749613011
0.313353769557, 0.0156711164325, 0.51763728713
-0.165513710206, 0.115543761963, 0.513613936855
0.21320829154, 0.0265545242466, 0.514046496908
1.69881661391, 0.066550246956, 0.471246653692
0.125098330786, 0.0412429347449, 0.511396401622
1.50284275186, 0.0295230768886, 0.479447052849
1.60145558676, 0.047216912747, 0.474469109935
1.30428317809, 0.00574644282645, 0.485423577165
1.40271952422, 0.0154185339595, 0.482470796299
0.0262284687734, 0.0598358296316, 0.507478277097
1.20352071361, -0.00130597879862, 0.484125143377
-0.0702552905195, 0.081507850034, 0.499573451234
1.10443639225, -0.00728588437388, 0.484340099559
1.79389649124, 0.0932849767347, 0.456549865792
1.00404402582, -0.0119321446955, 0.485885781815
0.903211863225, -0.0149428460927, 0.485314361325
0.803651559764, -0.0163002227133, 0.485082322044
0.703746306532, -0.015376883079, 0.485346747221
-0.167207236944, 0.104317966207, 0.486681270215
0.602557844241, -0.0130511557374, 0.485235170338
0.50328241359, -0.00902785013382, 0.482975685579
1.69763076277, 0.0636018441933, 0.448916173999
0.411449100925, -0.0025063803044, 0.48185481253
0.313279498009, 0.00552789709632, 0.482124938106
1.60107615892, 0.0435915356007, 0.448658695169
0.124751310374, 0.030869369376, 0.477180973642
1.50238649092, 0.0253573264181, 0.452340462544
0.0263785965125, 0.0491193571135, 0.47256087645
1.40329740502, 0.0112442936038, 0.452221340602
1.79330674029, 0.0922972781867, 0.433543986129
-0.0711090792148, 0.0718598674249, 0.467857983236
1.30179928891, 0.00038194656681, 0.451368417094
-0.16760337709, 0.0969694360295, 0.460815604548
1.205368479, -0.00577789861467, 0.450309459182
1.10347978466, -0.0120531642714, 0.451257373655
1.00395832924, -0.0170788771374, 0.450611021745
1.69728541194, 0.0634071167967, 0.424946607008
0.904530654824, -0.0201292183644, 0.447928499596
1.6017571793, 0.0433831817767, 0.42775144004
0.804241417065, -0.0214105006964, 0.446939213373
0.703953297335, -0.0207868741421, 0.446357930548
0.605594950989, -0.0187201632016, 0.444939702064
0.502233011008, -0.01428072518, 0.444025383008
1.50082835573, 0.0239164116824, 0.424471312787
0.313227196813, -0.000588738573555, 0.443747773164
0.0277321889437, 0.0434085638635, 0.439448809043
0.412357496429, -0.00808829266098, 0.442448682374
-0.166971136171, 0.0924043459162, 0.433926311405
0.214281916989, 0.0105388766859, 0.439388483873
-0.0699665945791, 0.0656898318965, 0.431555068246
1.40313344329, 0.0109148607709, 0.421405203222
1.69394932531, 0.066092960291, 0.403009479724
1.30428166196, 0.00101450423176, 0.4175398034
1.20423410337, -0.00594734800098, 0.415869342023
1.59913977949, 0.0456429340753, 0.400978565041
1.10264857979, -0.012336103605, 0.413522661597
1.00299641478, -0.0170744344314, 0.410158036964
1.49896493398, 0.0263609221526, 0.395877079507
0.0289572433153, 0.0420813885452, 0.403943820654
0.904235917828, -0.0200903344667, 0.407130216036
-0.0683698793149, 0.0646655303727, 0.398945199171
0.804420908576, -0.0212557967226, 0.406193265552
0.126517345806, 0.0235386894246, 0.402412962062
0.704588752047, -0.0210397015235, 0.406015816244
0.214452959952, 0.0100632421402, 0.402975398714
0.314238827642, -0.00149796295366, 0.404366710303
0.503442835399, -0.0148416283241, 0.404344225516
0.605425497843, -0.0187717470011, 0.404076097626
1.40308719523, 0.014201658861, 0.392090474991
0.411638993545, -0.00837415740703, 0.402934629046
1.30155035518, 0.00532848094302, 0.385822887229
1.59801303837, 0.0523620379702, 0.374011445145
-0.162592177189, 0.0928507742342, 0.374215920695
1.20419112679, -0.00163464542058, 0.38266580003
-0.0648386050785, 0.0665081851567, 0.369721322797
1.10134468297, -0.00798736219476, 0.378289139434
0.0325182808511, 0.045394203233, 0.368228384018
1.49652367259, 0.0323138842181, 0.366205269926
0.128560055106, 0.0277819033973, 0.365678088432
1.00284475797, -0.011688350293, 0.371749711586
0.216358017925, 0.0137900840892, 0.367539565262
0.904621492315, -0.0142533905922, 0.368650025801
1.40222141586, 0.0227138188558, 0.358805042471
0.315896695899, 0.0032590290209, 0.363213867899
0.805321026258, -0.0156456745083, 0.366735858162
0.503495668625, -0.00937387026179, 0.36326463741
0.605984876294, -0.013521947606, 0.363963571026
0.413568599508, -0.0032395957546, 0.36175811244
1.30192099326, 0.0132930870749, 0.352380858779
1.20339054611, 0.00712420976071, 0.347443458292
0.0362429447488, 0.0530583292887, 0.333992516743
1.10167267512, 0.000754512068776, 0.343561876096
0.131327448773, 0.0361927325934, 0.33115147309
1.00220123731, -0.0027782428026, 0.338821352676
0.219281499272, 0.0234818015109, 0.329993524803
0.90428551751, -0.00539745526424, 0.335968050595
0.319620117991, 0.0123874614239, 0.327509547008
0.415705358548, 0.00520643267242, 0.326538497313
0.505469877296, -0.000282999764351, 0.326963581554
0.60414968807, 0.0584903463592, 0.624382422345
0.705090072852, 0.0556431222872, 0.623559604736
0.803289143706, 0.0543495821317, 0.62206092106
-0.160341588725, 0.149533197454, 0.564655327205
-0.255359723053, 0.17492271414, 0.547138686818
-0.163424279837, 0.131095510952, 0.540585260155
-0.259186924277, 0.159830938442, 0.525883003806
-0.348341194703, 0.206257258395, 0.517805323776
-0.352152746651, 0.195645303006, 0.501468375638
-0.260808475068, 0.14751726803, 0.503089520361
-0.355173373438, 0.186416483921, 0.483511127323
1.69556549209, 0.103408177538, 0.553393050508
-0.261821336035, 0.137636958113, 0.477698111786
-0.357017889541, 0.178033741775, 0.463038164841
1.79114155127, 0.122896858319, 0.533207258734
-0.261878589475, 0.130770047354, 0.453554759846
0.214052420274, 0.0163096458164, 0.480275513512
-0.357031789843, 0.172375800779, 0.443230411563
1.79246866215, 0.111917739862, 0.515967247043
1.50182376235, 0.0372749995921, 0.507088561531
-0.357097589449, 0.169083753952, 0.422416312079
-0.260783908217, 0.126029656322, 0.427752665572
0.125470444817, 0.0240946822632, 0.439341159721
-0.354526752502, 0.167378827922, 0.401681275109
-0.259208794726, 0.12403683711, 0.401695651024
-0.165126968254, 0.0905503549127, 0.402778295941
-0.352154609041, 0.16858544921, 0.379588952898
-0.257350450807, 0.125293094264, 0.376911909369
-0.3477201356, 0.171800814448, 0.360094794686
-0.253765997574, 0.130096013523, 0.35010797466
1.79112154912, 0.0939001940873, 0.4111564549
-0.15721779127, 0.0996132847484, 0.34295224316
-0.0611630661393, 0.0732337747241, 0.337605832192
1.78959677821, 0.0980636617739, 0.393555113653
0.704678888538, -0.0166118500918, 0.369372715522
1.69236210968, 0.0714422634884, 0.38286174525
0.606382919708, -0.00375456101276, 0.326414330288
0.806261438151, -0.0066254573559, 0.332545720651
