0.145476 0.093589 -0.724087
0.105308 0.096231 -0.722968
0.064107 0.098455 -0.722259
0.184852 0.089523 -0.725046
0.223742 0.085840 -0.727057
0.262707 0.081898 -0.729707
0.303070 0.077311 -0.733938
-0.094513 0.105323 -0.725807
-0.130499 0.106710 -0.728341
0.342753 0.071069 -0.739833
-0.169516 0.106821 -0.731612
0.104755 0.083907 -0.716461
0.145215 0.080939 -0.717556
0.184370 0.078309 -0.719329
0.063995 0.085893 -0.715670
0.224030 0.075240 -0.721529
0.025324 0.087694 -0.715583
-0.208640 0.106355 -0.736366
0.263215 0.070861 -0.724174
-0.014641 0.088479 -0.715858
0.303462 0.067644 -0.729196
-0.054591 0.089551 -0.716454
-0.243729 0.104888 -0.741420
-0.095433 0.091705 -0.718776
-0.131243 0.093056 -0.721566
0.342053 0.062042 -0.735466
0.382383 0.057901 -0.741666
-0.283116 0.103738 -0.748456
-0.170631 0.092996 -0.724759
-0.209970 0.093212 -0.729473
0.224233 0.062263 -0.716664
0.184299 0.064372 -0.714262
0.145310 0.066637 -0.712284
0.104930 0.068974 -0.710841
0.263544 0.059257 -0.720123
0.064222 0.071250 -0.710074
-0.322301 0.101127 -0.756752
0.303524 0.056097 -0.725267
-0.245027 0.093351 -0.735399
0.024904 0.072348 -0.709655
-0.014843 0.073847 -0.710373
0.343017 0.051354 -0.732009
-0.054816 0.074412 -0.710876
-0.284629 0.092504 -0.742676
-0.095424 0.076197 -0.713013
0.382557 0.048172 -0.738802
-0.131945 0.077343 -0.715758
-0.171357 0.078500 -0.719366
-0.323942 0.089368 -0.750940
-0.210983 0.078847 -0.723852
0.420947 0.042159 -0.749626
-0.246042 0.079590 -0.729976
0.223998 0.049246 -0.713762
0.104407 0.055744 -0.707691
0.263922 0.046815 -0.717419
0.184473 0.050444 -0.711192
0.342897 0.042396 -0.730071
0.064186 0.056005 -0.706460
0.144537 0.051436 -0.708966
0.382855 0.039315 -0.737539
-0.286001 0.079120 -0.737347
0.024350 0.056615 -0.706062
-0.015593 0.058135 -0.706716
-0.055383 0.059234 -0.707581
-0.324599 0.077557 -0.746474
0.421164 0.033733 -0.748633
-0.096628 0.060809 -0.709644
-0.132664 0.061722 -0.712360
-0.171994 0.062726 -0.715684
-0.363404 0.074702 -0.756061
-0.212097 0.063411 -0.720392
0.382408 0.030289 -0.736967
-0.247354 0.064591 -0.726510
0.303891 0.033323 -0.722089
0.343386 0.031392 -0.729269
0.224363 0.036492 -0.712597
0.263781 0.034769 -0.716469
-0.286920 0.065699 -0.734276
0.183971 0.036765 -0.710074
-0.325568 0.065434 -0.743545
0.144274 0.037691 -0.707859
0.420403 0.025245 -0.748430
0.104075 0.039256 -0.706073
0.063680 0.040114 -0.705088
0.023805 0.041211 -0.704727
-0.016193 0.042676 -0.705228
-0.364461 0.063296 -0.753631
-0.056704 0.044113 -0.706311
-0.096469 0.044805 -0.708218
0.381644 0.021298 -0.737456
-0.133230 0.046033 -0.711013
-0.172505 0.048002 -0.714311
0.342899 0.020971 -0.729747
-0.247959 0.050364 -0.724951
0.303355 0.022353 -0.722450
-0.287336 0.051164 -0.732633
0.263620 0.022548 -0.717057
0.419877 0.016125 -0.749740
-0.326342 0.052251 -0.742088
0.222924 0.022725 -0.713002
-0.364970 0.052579 -0.752647
0.184273 0.023102 -0.710806
0.143461 0.024331 -0.708425
0.103582 0.024994 -0.706650
0.381207 0.011854 -0.739149
0.063723 0.025000 -0.705803
0.342911 0.012718 -0.731207
0.023547 0.025814 -0.705529
-0.016616 0.026929 -0.705975
-0.056011 0.027796 -0.707048
-0.097394 0.029101 -0.709026
0.302379 0.011298 -0.723942
-0.173027 0.032447 -0.714735
-0.287228 0.037693 -0.732826
-0.133378 0.030100 -0.711722
-0.365069 0.041651 -0.752833
-0.212658 0.032832 -0.719594
-0.326360 0.037493 -0.742336
0.263170 0.010397 -0.719202
0.379609 0.003461 -0.741831
0.223500 0.009425 -0.715744
0.183390 0.009549 -0.713283
0.341539 0.002381 -0.734077
0.142658 0.009469 -0.711100
0.102694 0.009085 -0.709639
0.301287 0.000248 -0.727018
-0.287184 0.023605 -0.734922
0.063098 0.008949 -0.708830
-0.326130 0.024562 -0.744337
0.023113 0.009786 -0.708597
-0.248210 0.020373 -0.727580
-0.016864 0.011024 -0.708852
-0.213044 0.018463 -0.722094
-0.173115 0.016867 -0.717282
-0.097405 0.013426 -0.711732
-0.056587 0.011711 -0.710044
0.262800 -0.000898 -0.722660
-0.134158 0.014536 -0.714527
0.222029 -0.002705 -0.719788
0.340779 -0.007723 -0.738715
-0.364056 0.018126 -0.757409
0.182977 -0.003201 -0.717432
-0.325072 0.013150 -0.747214
0.141715 -0.004061 -0.715415
-0.286189 0.009746 -0.738857
0.299964 -0.010960 -0.731556
-0.247832 0.006201 -0.731959
0.102177 -0.005633 -0.714595
-0.212707 0.004766 -0.726174
0.062797 -0.005771 -0.713968
0.262073 -0.013360 -0.728470
-0.172944 0.000999 -0.722190
0.023005 -0.005342 -0.713717
-0.097873 -0.002340 -0.716917
-0.056841 -0.003697 -0.715071
-0.133877 -0.001317 -0.719585
0.221793 -0.015285 -0.725392
0.182253 -0.016408 -0.723482
-0.285093 -0.003212 -0.744396
0.141449 -0.017089 -0.721420
-0.247120 -0.006804 -0.737815
0.101545 -0.017928 -0.720535
-0.211965 -0.009335 -0.732757
0.062291 -0.017977 -0.719868
-0.171861 -0.012429 -0.728414
-0.133426 -0.014584 -0.725507
-0.097498 -0.015983 -0.723173
-0.054056 0.104133 -0.724210
-0.013658 0.102293 -0.722991
0.025640 0.100337 -0.722438
-0.360565 0.097230 -0.765670
-0.398731 0.093437 -0.777110
-0.362171 0.086437 -0.760191
-0.400587 0.084008 -0.772742
-0.436205 0.085405 -0.791760
-0.437976 0.078242 -0.788793
-0.401568 0.074150 -0.769578
-0.439445 0.070533 -0.786489
0.382272 0.065380 -0.745423
-0.402328 0.063441 -0.767563
-0.440471 0.061881 -0.784702
0.420369 0.057635 -0.754437
-0.402678 0.053433 -0.766641
-0.212219 0.049353 -0.718849
-0.440745 0.053668 -0.783936
0.420643 0.050023 -0.751384
0.303857 0.044787 -0.723103
-0.441043 0.045234 -0.784176
-0.402579 0.042914 -0.766677
-0.248168 0.034962 -0.725075
-0.440278 0.036914 -0.785031
-0.402280 0.032491 -0.767813
-0.364725 0.029231 -0.754399
-0.439598 0.028277 -0.787133
-0.401839 0.022805 -0.770134
-0.438052 0.020784 -0.789831
-0.400718 0.012563 -0.773998
0.418730 0.007460 -0.752027
-0.362266 0.006250 -0.762371
-0.323973 0.000958 -0.752227
0.417917 0.000859 -0.754968
-0.017266 -0.003073 -0.713300
0.378744 -0.004054 -0.745427
-0.057110 -0.017761 -0.721688
0.022992 -0.018146 -0.719791
-0.303955 -0.138080 -0.748387
0.136514 -0.152357 -0.746418
-0.509000 -0.086122 -0.990893