0.899792222854, 0.0526428459758, 0.621739723359
1.00272212426, 0.0542872103191, 0.619202790594
0.803680119891, 0.0529497623055, 0.623326334266
0.705473207054, 0.054304495681, 0.62474870491
1.10313196646, 0.0568663611727, 0.615302778662
0.60453672983, 0.0570735901296, 0.62554678232
0.503478723699, 0.0604787670704, 0.624559055032
1.20163079675, 0.0583908611843, 0.607942962971
0.413574076237, 0.0662452851555, 0.624041463695
1.29893810575, 0.0626879910132, 0.601019760208
0.316180507084, 0.0732308761382, 0.619838087965
1.39643554182, 0.068558759854, 0.593109455639
0.218540288649, 0.0837257347013, 0.613583403968
1.49743861397, 0.0781646829314, 0.582901368969
1.00243707897, 0.0327212265603, 0.591849919078
0.900616549702, 0.0306987513625, 0.593927156605
0.803954535666, 0.0304289134621, 0.595329609672
1.10357695766, 0.0351042390711, 0.587202565899
1.20138581733, 0.0392442709053, 0.582973572892
0.131089567089, 0.0946313830781, 0.604895435407
0.704149221854, 0.0305035092746, 0.593984527822
1.30056348549, 0.0443558262515, 0.577474108047
1.59681740029, 0.0909342378173, 0.567848349683
0.604456536749, 0.0315336739659, 0.593124164858
0.502354347834, 0.0370554349193, 0.594188810071
0.412858853223, 0.0434169152756, 0.593505010669
1.39867337585, 0.0500129770676, 0.568548152759
0.0328380603381, 0.110531659469, 0.595680005866
0.314580851859, 0.0501117372106, 0.588888793421
1.4992479532, 0.0620947860169, 0.561372764893
1.69573894496, 0.103740824007, 0.554031541186
0.216392837843, 0.0609314671284, 0.584187161525
-0.0647747532193, 0.128836964318, 0.582271401311
1.59589903942, 0.076100101661, 0.547669482202
0.128889596399, 0.0746988861203, 0.579071607772
0.902443364792, 0.0103428912014, 0.560411668973
1.69667014524, 0.0910686185659, 0.537390838412
1.00418079835, 0.0121937703001, 0.557673574378
1.10498072769, 0.015660443661, 0.554392065742
1.20236058903, 0.0203789651404, 0.551039924866
0.804157657454, 0.00890915464629, 0.560200887462
1.30217874719, 0.0265476717064, 0.54782020781
0.0300763373843, 0.0912272023071, 0.570539733675
0.704819072401, 0.010330251531, 0.560457995236
1.40045437323, 0.0347453814714, 0.541801917877
0.605125402043, 0.0109516406567, 0.558368665492
-0.160024493694, 0.148050444124, 0.565629168545
1.50038960414, 0.0469553654055, 0.534794672019
0.503640639005, 0.0158669331055, 0.558643809723
0.412473430037, 0.0221495836044, 0.557367173869
1.79260228537, 0.112509501526, 0.516469192027
0.3141113632, 0.0303321896956, 0.555550401702
1.59917097815, 0.0626908036155, 0.523009897495
-0.0678324094074, 0.109220377162, 0.555891287491
1.69798707781, 0.0791986987713, 0.514951104382
0.215122373305, 0.0408022111559, 0.551177690895
-0.255101837931, 0.173606547599, 0.547962319938
0.127526762763, 0.0552116766223, 0.54752327016
-0.163027409219, 0.129682338682, 0.541381637063
1.003955058, -0.00157911665188, 0.526486179523
0.0278704613694, 0.0722979333964, 0.539772305099
1.30265463388, 0.0135609813989, 0.517044035721
1.79406143821, 0.1044942024, 0.498067534537
1.20396169237, 0.00655678424479, 0.51812173658
1.4024158274, 0.0225480855916, 0.512426776245
1.50244169681, 0.0368641755176, 0.507620236575
0.903651888276, -0.00538638956162, 0.524502371764
1.10431430902, 0.000584683454381, 0.518455266442
1.59958942708, 0.0537128851169, 0.50188257975
0.804099876647, -0.00704624618917, 0.523061232341
0.7042680343, -0.00579454928696, 0.52338924258
1.6995283844, 0.0720366357832, 0.493796303721
-0.258842472932, 0.158709098446, 0.526548755816
-0.0684195257158, 0.0930903768017, 0.528713669646
0.604956774708, -0.00417465854338, 0.522520149453
0.501947041325, 0.000566265809882, 0.522210984552
-0.348180377926, 0.205091741037, 0.518575297797
0.411964870574, 0.00671754574546, 0.520396590117
1.79532303252, 0.0980215889531, 0.477887871853
0.313784406362, 0.0142427344261, 0.518321901077
-0.165087532117, 0.114331574028, 0.514234243872
0.213729749331, 0.0252538068347, 0.514690030965
0.125618368721, 0.0399364069992, 0.512052654406
-0.351929382154, 0.194635006202, 0.502160225832
1.50316543268, 0.0288232793703, 0.480258888854
1.69911139477, 0.0663699788909, 0.471887979293
0.0267688643027, 0.0586069978043, 0.508057767234
1.30458154252, 0.00477867523321, 0.486230570361
1.40299021809, 0.0146656504498, 0.483274291353
1.60172897571, 0.0467427559063, 0.475246764679
-0.260425798397, 0.146346803534, 0.503647374506
1.20380448206, -0.00243825855483, 0.484949699786
-0.0697006282035, 0.0801353782531, 0.500138104582
1.10478300639, -0.00841856958807, 0.485139339219
1.00443181469, -0.0130061581289, 0.486640344636
1.79410464298, 0.09345934552, 0.457098863008
0.903648240473, -0.016013441535, 0.486028572624
0.804049631389, -0.0173114574744, 0.48572857331
-0.354824120906, 0.185356168, 0.484147127489
0.704066102169, -0.0164452162932, 0.485970025181
0.602887388567, -0.0142599753908, 0.485797330769
-0.166688137968, 0.103284351602, 0.487117195015
1.69791596503, 0.0634195445674, 0.449536788567
0.503636324254, -0.010207136591, 0.483529393992
0.41185162496, -0.00385217845096, 0.48242652065
-0.261405793775, 0.136404942679, 0.478217547239
0.313733226805, 0.00423214179182, 0.482686329498
1.60131722097, 0.0430895466089, 0.449406290147
1.50272289491, 0.0245692892368, 0.453114950181
0.214453586442, 0.0152593393698, 0.48074844369
0.125306734557, 0.0297325111177, 0.4776951119
1.79353240622, 0.0925557322167, 0.434055557862
1.40358385448, 0.0104979564955, 0.452967477709
-0.356639800194, 0.177137327812, 0.463549192601
0.0268671436744, 0.048063098338, 0.472977617021
1.30205976439, -0.000610891709394, 0.45215608685
-0.0705722596366, 0.0707242879921, 0.468329836152
1.20566024919, -0.00695248952975, 0.451050972717
1.10380888136, -0.013128064157, 0.451963337944
-0.167009948731, 0.0958841049522, 0.461200712389
1.69753825244, 0.0632694513436, 0.425518038885
1.00431856976, -0.0180313120014, 0.451257118407
-0.261399546672, 0.129568520327, 0.453968120727
1.60198711951, 0.0429651197775, 0.428437138125
0.904951926019, -0.0210785830758, 0.448548590356
1.79136618562, 0.0941252327577, 0.411606651656
-0.356601921579, 0.171441112795, 0.443767578563
0.804652037581, -0.0224553752442, 0.447483366063
1.50127046367, 0.0234535311866, 0.4251774382
0.704297638042, -0.0219329309139, 0.446874920911
0.605937505128, -0.0200193253563, 0.445400935175
0.502594076234, -0.0155188937529, 0.444477138287
1.4034799319, 0.010118045282, 0.422124442442
0.313684884172, -0.00174599996032, 0.444209410079
0.412757552142, -0.0094541367172, 0.442920951785
1.69425393516, 0.0659692160195, 0.403543303762
0.0283317004882, 0.0423336142698, 0.439845485361
0.1260233835, 0.0231013891547, 0.439742547965
0.214776912672, 0.00941845120082, 0.439808059979
1.78981283208, 0.0981396488828, 0.393999189599
-0.166423650784, 0.0916188172489, 0.434209858944
1.30445835665, -0.000403871356812, 0.418258569277
-0.260266981504, 0.124996322295, 0.428088533028
-0.356712458865, 0.168304538392, 0.422799929348
-0.0694145347534, 0.0647000341857, 0.431895285789
1.5994056979, 0.0452308419673, 0.401586234872
1.20449530073, -0.00703031385265, 0.416527861171
1.10294357243, -0.0134352981094, 0.41410291922
1.49932059414, 0.025837359131, 0.396515541606
1.69267396059, 0.071126804584, 0.383373757525
1.00333986293, -0.0180744067243, 0.410681211678
-0.354083376329, 0.166618055621, 0.402157467219
1.40339431053, 0.0134927383586, 0.392749325145
0.904635819909, -0.020925322446, 0.407621559353
-0.258651997655, 0.123306424803, 0.40196745932
0.804815182577, -0.0223459472407, 0.406605934505
-0.164567989771, 0.0896487783428, 0.402927130466
0.704953436897, -0.0221550918935, 0.406357843276
1.59833216785, 0.0519756323545, 0.374599715501
0.605819339953, -0.0200935918494, 0.404376847547
0.029516649081, 0.0410647541471, 0.404212553229
1.3018095893, 0.00393738048221, 0.386403522172
0.503782589805, -0.0160309972807, 0.404675970533
0.314762443843, -0.00264173504838, 0.404742955364
-0.0679076429698, 0.0637927166106, 0.399199211664
0.126983565608, 0.0226658647771, 0.402694064598
0.412047898207, -0.00970742070968, 0.403276604593
0.214911104216, 0.00892946969228, 0.403281693967
1.20443645061, -0.00279805599658, 0.38324820073
-0.351754393408, 0.167896139907, 0.379799047071
1.4968318819, 0.0318381226133, 0.366840269577
1.10162865104, -0.00917524457376, 0.3788257317
-0.256748693044, 0.124816200528, 0.377175145401
1.40253911359, 0.021860950364, 0.359391865669
-0.162110896326, 0.0920278920727, 0.374386092393
1.00316456306, -0.0127051712771, 0.372189691275
-0.347331982901, 0.170991633742, 0.360318162621
0.904966489415, -0.0151446704973, 0.369020959029
-0.0642957627547, 0.0657621453142, 0.369914686183
1.30219989466, 0.0122076049437, 0.352970706751
0.705058159283, -0.0176501145158, 0.369649006942
0.805692863607, -0.0167533356194, 0.367068870362
0.0330368817373, 0.0445251430522, 0.368420950127
0.216822289199, 0.012752791716, 0.367796621421
0.12902646408, 0.0267284268308, 0.365884143264
0.606381821318, -0.014809914196, 0.364180527013
-0.253127569254, 0.12968995554, 0.350404855288
1.20366622244, 0.00598974489959, 0.347972836671
0.503903044024, -0.0107336492499, 0.363467232738
0.316399837147, 0.00207833549841, 0.363473147019
0.414030880036, -0.0046432561649, 0.361997181601
1.1019673545, -0.000316448176145, 0.344040107985
-0.156726473012, 0.0987028832424, 0.343052641845
1.00252173981, -0.00385087699847, 0.339199386277
-0.0605682471207, 0.0724342799261, 0.337809605203
0.904627542858, -0.00631907767534, 0.336281843442
0.0367450708427, 0.0521529140631, 0.334152909619
0.806622173787, -0.0076424553047, 0.332827689882
0.131797341237, 0.0350031385095, 0.331287417272
0.219735533369, 0.0221783409035, 0.330132604762
0.606753551207, -0.00515942698672, 0.326569432952
0.320103496048, 0.0110355977396, 0.327722070279
0.505864407693, -0.00173528239855, 0.327133608836
0.416149105468, 0.00373410248356, 0.326754203538
1.79124981203, 0.123562742357, 0.533698135604
