0.085837 0.104680 -0.707547
0.127587 0.104602 -0.706750
0.046887 0.104587 -0.709085
0.007105 0.104495 -0.711086
0.168344 0.104036 -0.706472
-0.033756 0.104245 -0.713742
-0.074638 0.103334 -0.716793
0.208349 0.101996 -0.706077
-0.110973 0.102883 -0.720567
0.247906 0.100339 -0.706769
-0.150285 0.101004 -0.725235
0.287573 0.098415 -0.708161
-0.189625 0.098584 -0.731463
0.328738 0.095899 -0.711162
0.127459 0.092021 -0.700329
0.086158 0.091895 -0.700994
0.046979 0.091679 -0.702326
0.168517 0.091148 -0.700020
0.208246 0.090554 -0.700430
-0.224805 0.095308 -0.737882
0.006561 0.090373 -0.704061
0.248557 0.089542 -0.701304
0.369342 0.091693 -0.715827
-0.033803 0.089336 -0.706136
-0.075100 0.089400 -0.709884
-0.111259 0.088933 -0.713901
0.288480 0.087202 -0.702681
-0.264284 0.092132 -0.746501
-0.150929 0.086860 -0.718500
0.329474 0.086084 -0.706435
0.409748 0.087978 -0.720417
-0.190503 0.085079 -0.724744
-0.303425 0.087483 -0.756395
0.368976 0.082491 -0.711529
-0.225702 0.083449 -0.732021
0.086969 0.076975 -0.695504
0.410124 0.080368 -0.716671
0.128241 0.076824 -0.694824
0.169162 0.076577 -0.694844
0.208716 0.076374 -0.695422
0.047133 0.076013 -0.696526
0.249277 0.076357 -0.696527
-0.265407 0.080590 -0.740845
0.006906 0.075454 -0.698663
0.289272 0.075375 -0.698683
-0.033451 0.073896 -0.700672
-0.341561 0.081638 -0.766866
0.330007 0.074329 -0.702485
-0.074498 0.073603 -0.704231
-0.111329 0.072881 -0.708290
0.449518 0.074485 -0.725299
-0.151042 0.072038 -0.713262
0.370376 0.071652 -0.708082
-0.304659 0.075421 -0.750717
0.410730 0.070518 -0.713693
-0.190949 0.070354 -0.719354
-0.379526 0.075887 -0.779936
-0.226192 0.069355 -0.726773
-0.342778 0.070523 -0.761516
0.128289 0.063333 -0.691801
-0.266239 0.066844 -0.735771
0.249616 0.063097 -0.693773
0.450193 0.066546 -0.723534
0.209522 0.062205 -0.692486
0.290209 0.062746 -0.696109
0.330987 0.062742 -0.700574
0.087621 0.061463 -0.692051
0.169064 0.061091 -0.691683
0.370645 0.062545 -0.706165
0.047282 0.059984 -0.693100
0.006852 0.059436 -0.695172
0.411480 0.061552 -0.712482
-0.381023 0.066167 -0.775755
-0.304834 0.063336 -0.746448
-0.033349 0.058445 -0.697476
-0.075010 0.057894 -0.701036
-0.416471 0.065958 -0.796251
-0.111357 0.056957 -0.705066
0.450829 0.058020 -0.722525
-0.151003 0.055961 -0.709794
-0.343539 0.058500 -0.757578
-0.191342 0.054606 -0.716060
-0.226801 0.054029 -0.723516
-0.417962 0.058576 -0.793443
0.331460 0.051232 -0.699514
0.411466 0.052389 -0.711956
-0.266539 0.053143 -0.732836
0.250603 0.050165 -0.692670
0.290643 0.050535 -0.695255
0.371699 0.051419 -0.705451
-0.381594 0.056072 -0.772664
0.209687 0.048302 -0.691517
-0.305230 0.050940 -0.743562
0.169484 0.047135 -0.690712
0.128748 0.046589 -0.690379
0.450494 0.049383 -0.722363
0.087882 0.045324 -0.690847
0.047517 0.044327 -0.691951
-0.419073 0.050658 -0.791215
0.007021 0.043713 -0.693879
-0.033936 0.043029 -0.696383
-0.344053 0.046832 -0.755341
0.411180 0.043258 -0.712557
-0.074063 0.041674 -0.699763
-0.111145 0.041022 -0.703847
-0.381859 0.045167 -0.770724
-0.150783 0.040999 -0.708613
0.371758 0.040851 -0.706034
0.331512 0.040098 -0.699961
-0.190826 0.040325 -0.714740
-0.226703 0.039558 -0.722162
0.450497 0.040143 -0.723822
0.291150 0.038158 -0.695968
-0.419704 0.041804 -0.789594
-0.266272 0.038361 -0.731397
0.249871 0.036169 -0.693243
-0.305375 0.037541 -0.742332
0.210739 0.034479 -0.692354
0.169379 0.033562 -0.691460
-0.344010 0.035939 -0.754439
0.411283 0.033691 -0.714389
0.129011 0.032120 -0.691161
-0.381693 0.034984 -0.769910
0.372253 0.032507 -0.707620
0.088741 0.030029 -0.691755
0.449883 0.031322 -0.726243
-0.419557 0.033488 -0.788882
0.048099 0.028716 -0.692899
0.331208 0.028888 -0.701734
0.007457 0.027734 -0.694763
-0.032348 0.026533 -0.697216
-0.074141 0.025716 -0.700734
0.291434 0.025861 -0.698240
-0.150474 0.025225 -0.709258
-0.110433 0.024876 -0.704707
0.410227 0.025139 -0.717240
-0.265404 0.024744 -0.731697
-0.226099 0.023947 -0.722494
-0.190338 0.023585 -0.715627
0.449500 0.024624 -0.729246
-0.343543 0.024873 -0.754853
0.251210 0.022723 -0.695948
-0.381021 0.024340 -0.770106
-0.419421 0.024901 -0.789283
-0.304600 0.022585 -0.742779
0.371528 0.021987 -0.710670
0.210637 0.020734 -0.695052
0.169431 0.018474 -0.694324
0.330760 0.017662 -0.704963
0.409877 0.017512 -0.720899
0.129050 0.015972 -0.694345
-0.418158 0.016579 -0.790191
0.291763 0.014444 -0.701889
0.089055 0.013762 -0.695034
-0.380110 0.013831 -0.771459
0.048606 0.012469 -0.696149
-0.342483 0.012291 -0.756496
0.008155 0.011608 -0.697845
0.371479 0.011778 -0.715487
-0.031956 0.010211 -0.700409
-0.264559 0.010482 -0.733971
0.250541 0.010376 -0.700217
-0.073239 0.009856 -0.703636
-0.149626 0.009467 -0.711983
-0.303651 0.009522 -0.744961
-0.225318 0.009186 -0.725214
-0.110298 0.009084 -0.707730
-0.189898 0.009021 -0.718298
0.211031 0.007832 -0.699348
-0.416956 0.007806 -0.792417
0.330156 0.006314 -0.709718
0.169338 0.004770 -0.698808
-0.379051 0.004105 -0.773975
0.291894 0.001831 -0.707848
-0.341147 0.001147 -0.759643
0.129469 0.001086 -0.699504
-0.414911 0.000337 -0.795106
0.089686 -0.001131 -0.700357
-0.301845 -0.001941 -0.747985
0.251176 -0.002265 -0.706123
0.008656 -0.002635 -0.702516
0.049466 -0.002807 -0.701462
-0.262699 -0.003452 -0.738100
-0.188688 -0.004775 -0.722573
-0.224037 -0.005117 -0.729686
-0.031221 -0.005354 -0.705656
-0.377227 -0.006129 -0.777956
0.211223 -0.005510 -0.705623
-0.072672 -0.006114 -0.708975
-0.148452 -0.006561 -0.717073
-0.108979 -0.006918 -0.712952
0.169975 -0.008363 -0.705055
-0.338534 -0.010746 -0.764670
0.129689 -0.011341 -0.705624
-0.299895 -0.014154 -0.753098
0.090026 -0.013458 -0.706441
-0.260720 -0.016450 -0.743763
0.050340 -0.015699 -0.707757
-0.222425 -0.018202 -0.735647
-0.186969 -0.018988 -0.729230
-0.030529 -0.019548 -0.712439
-0.146440 -0.020044 -0.723381
-0.071359 -0.019839 -0.715373
-0.107623 -0.020257 -0.719015
0.173101 -0.145205 -0.732099
-0.272538 -0.153749 -0.749671
0.448942 0.082198 -0.728362
-0.474322 -0.109281 -1.002739