1.10101587953, 0.0583190248218, 0.616435873761
1.00055781285, 0.0559099336711, 0.620326129613
1.1995847948, 0.0597305771085, 0.609131621487
0.897577879241, 0.0544113049683, 0.622796358719
1.29697094217, 0.0638692822196, 0.602258044865
1.39453249446, 0.0694869991308, 0.59436610758
1.49557534689, 0.0787922107849, 0.584116797746
0.501157318092, 0.0627987702923, 0.625307168668
1.5950025864, 0.0912064262223, 0.569025824333
0.411209097794, 0.0685941625731, 0.624748170918
1.19930865181, 0.0405245210562, 0.584122460853
1.10142557557, 0.0365217273281, 0.588306240219
1.2985530182, 0.0455272064989, 0.578682487442
1.0002372768, 0.0342736052305, 0.592925931048
0.313822451223, 0.0756454692214, 0.620502460855
0.898385592197, 0.0323977838138, 0.594967409639
1.3967326894, 0.050924926681, 0.56979743087
0.801675277265, 0.0323096765467, 0.59627822316
1.49737915426, 0.0627142423611, 0.562607997106
0.216193133133, 0.0862332612081, 0.614196234242
0.701849112612, 0.0325021463834, 0.594876477692
1.59404063193, 0.0762479838197, 0.54891605276
0.602127079473, 0.0337447887212, 0.593877794469
0.499998710199, 0.0393808993878, 0.594870876819
0.128816519216, 0.097334595895, 0.605363856954
1.69474475497, 0.090998832653, 0.538422902024
0.410496656617, 0.0457492895371, 0.594151986138
0.0306755327384, 0.113303924734, 0.595992733559
0.312215298089, 0.0525210601344, 0.589485906535
1.30006364867, 0.027627281345, 0.548942254822
1.20018749115, 0.0215924711243, 0.552136868713
1.39845829352, 0.035530532221, 0.543006503246
1.10274435515, 0.0170203962223, 0.55543704708
1.4984761951, 0.0473898010919, 0.535993525746
1.00195474933, 0.0136282477732, 0.558732525212
0.214060609716, 0.0635175684643, 0.584676740051
0.900183291641, 0.0118829432279, 0.561407616227
0.80176997938, 0.01071330256, 0.561071266804
1.5972665672, 0.0627122741824, 0.524225049879
-0.0667587409969, 0.131757392299, 0.5823838257
0.126634955712, 0.0774227076786, 0.579438541361
0.70243732388, 0.0122304958833, 0.561279008995
1.69609533963, 0.0790358757044, 0.516025382207
0.602742384877, 0.0131123428762, 0.55903949512
0.0279295142019, 0.0940668247721, 0.570767047144
0.501250064013, 0.0181242415715, 0.55924000037
1.79210671933, 0.103618168001, 0.499095935474
0.410074206637, 0.0244710042423, 0.557898418245
0.311745353147, 0.0327487350846, 0.556016347512
-0.0698123931089, 0.112166271267, 0.55594658338
1.30048771935, 0.0145408441771, 0.518130456078
1.40031812394, 0.0232631158964, 0.513516119352
1.59766295194, 0.0537681011554, 0.503035120341
0.212819482449, 0.0434859849701, 0.551459028165
1.00165505193, -0.000210919025977, 0.527418696545
1.69754144006, 0.0715630720674, 0.494900191737
1.20175131198, 0.0076698278711, 0.51918976561
0.125273583666, 0.0579828536312, 0.54774326588
1.10203897435, 0.00183184691733, 0.519402361546
0.901323755753, -0.00388967451315, 0.525363918599
-0.164766425772, 0.132728505844, 0.541283271185
1.79335865608, 0.0970334915262, 0.478901946518
0.025759710533, 0.0753541677924, 0.539804528222
0.8017287105, -0.00536848844699, 0.523843551032
0.701883793655, -0.00396515442434, 0.524078447735
0.602554657315, -0.00208041343537, 0.523101042622
-0.0703759958692, 0.0959387066118, 0.528735877508
0.49953826527, 0.00271597718822, 0.522708056719
0.40956372671, 0.00893119790181, 0.520835403454
1.69714393256, 0.0658922807066, 0.472941639147
1.59976124871, 0.0466747510737, 0.476379763217
1.50116249383, 0.0290461528866, 0.481358375022
0.31141315124, 0.0166980740421, 0.518661849742
1.40091732986, 0.0154087889921, 0.484294575812
1.30239358084, 0.00572918890591, 0.487280944813
0.211422478221, 0.0279858801343, 0.514858508591
-0.166809949305, 0.117498548122, 0.514037884727
1.79221225529, 0.09253366507, 0.458068504235
0.123414564948, 0.0426305737602, 0.51218226673
1.20157620492, -0.0014005074365, 0.48589595736
0.024754669156, 0.0615557186231, 0.508009219178
1.10248365446, -0.00726211634095, 0.486001503328
-0.261659745564, 0.149309312296, 0.503276487842
1.00211391522, -0.01169375973, 0.487438151425
-0.0716597953759, 0.0832238005607, 0.500037289216
0.90127723301, -0.0145954198025, 0.48679012469
1.69598290029, 0.0628898720079, 0.450569267778
0.801680205517, -0.0157178368953, 0.48642561907
0.701685837396, -0.0146526164856, 0.486568561231
-0.355276866492, 0.187704158043, 0.483676661486
0.600488480886, -0.0123022519361, 0.486273680067
1.59936553289, 0.0430628620539, 0.450476896437
1.50070299324, 0.0247876043281, 0.454155621188
0.501242537713, -0.00817637808891, 0.483928583667
1.7916190344, 0.0913821394648, 0.434990169741
0.409423653956, -0.00167345777415, 0.482749587474
0.311344378367, 0.00661267755834, 0.482932094365
1.40150643809, 0.0111495920185, 0.453932166804
0.212089089534, 0.0179945714914, 0.480841039593
0.123067353714, 0.0325016845635, 0.477699852976
1.29992273846, 0.000311359115458, 0.453034111943
-0.357068706971, 0.179656052481, 0.463039673218
0.0248270561197, 0.0509598914318, 0.472898758883
1.20340483367, -0.00604385523397, 0.451891640221
-0.0724774457236, 0.0737683905435, 0.468134357447
1.10148514681, -0.0120801435328, 0.452779683087
1.69567166434, 0.0628318714181, 0.426442398523
-0.168668406255, 0.099194987481, 0.460849767134
1.60006573421, 0.0428904182239, 0.429416280345
1.00198480619, -0.0168348462198, 0.451983600388
-0.262649052226, 0.132593147399, 0.453542368468
0.902600320289, -0.01974097391, 0.449195617813
-0.357015727257, 0.173996251106, 0.443155126092
1.49920001517, 0.0236686306182, 0.426126662397
0.802291431461, -0.0209924579638, 0.448066566307
0.701938728521, -0.0203279456565, 0.447380295003
0.603525778553, -0.0182104141422, 0.445772449462
1.40138818197, 0.0106406982066, 0.422987833537
0.50017577343, -0.0135516830784, 0.444782750802
0.311321161559, 0.000630483227597, 0.444337355425
0.410342799059, -0.0073680630268, 0.443140542984
1.69242534812, 0.0651891170301, 0.404351184679
0.0262446402734, 0.0451730191282, 0.439657404029
-0.168022018344, 0.0948077424346, 0.433816894915
0.123741706211, 0.0258747390863, 0.439661187317
0.212454852472, 0.0119811820054, 0.439817144856
-0.357144118388, 0.170968737592, 0.422292917058
-0.261466710468, 0.128018848166, 0.427624507565
1.30233055361, 0.000174534493703, 0.419001737749
-0.0712943840041, 0.0676266284712, 0.431607588851
1.59752808098, 0.0451104033882, 0.402445740178
1.20225116205, -0.00628634045754, 0.417269325118
1.10065214412, -0.0125416293439, 0.414835524199
1.49733544386, 0.0260041162792, 0.397362371044
-0.354585945779, 0.169338248386, 0.401488007026
1.00102178922, -0.0170202218559, 0.411302463295
-0.259823882626, 0.126479780089, 0.401421284006
-0.166197698728, 0.0929002388448, 0.40251387094
0.902321448888, -0.0196910156752, 0.408161292628
1.40137600513, 0.0140649777729, 0.393494989871
0.802498043702, -0.0210297441057, 0.407071135911
0.0274527083157, 0.0438666218096, 0.403936159599
0.70261506628, -0.0207329944328, 0.406724419612
-0.0697458060015, 0.0666767163385, 0.398840841926
0.124801080436, 0.02532524873, 0.402531965222
0.603444525116, -0.0184998418094, 0.404661252492
0.312431858613, -0.00034411829356, 0.404758357962
0.501373400101, -0.0141940360236, 0.404895710185
0.212617013788, 0.0114566500313, 0.403203694278
0.409662403931, -0.00770709945496, 0.403386618598
1.59649264522, 0.0517650663752, 0.375379285999
1.29970558311, 0.00428257977508, 0.387014370296
1.20222891496, -0.0021472740579, 0.383850811563
-0.163709330058, 0.0951188477962, 0.37384125698
1.49487722256, 0.0320935771324, 0.367644468301
1.09936627586, -0.00839530091335, 0.379400782815
-0.0661317780014, 0.0687051537099, 0.369514657196
1.000878448, -0.0118314710114, 0.372660860431
0.0310036380223, 0.0471380369498, 0.368078424237
1.40052671208, 0.0223266877259, 0.360036898699
0.902689971024, -0.0141099626439, 0.369416836759
0.126794047999, 0.0293072927213, 0.36556894429
0.214489184862, 0.0152280734776, 0.3675928552
0.803396608349, -0.015550387781, 0.36736915284
0.314056764055, 0.004239963044, 0.363346449649
1.30014314911, 0.0127556483738, 0.353502335467
0.604011979981, -0.0133959056821, 0.364294265423
0.501498866499, -0.00912388410792, 0.363503597808
0.411620966572, -0.00285842282455, 0.361951821884
1.20152584526, 0.00647609350715, 0.348459220937
-0.0624152228079, 0.0752892044793, 0.337323124635
1.09976770835, 0.000259430761842, 0.344489227358
1.00028857708, -0.00316141440769, 0.339563846624
0.129647864744, 0.0373087444594, 0.330883058011
0.902390753979, -0.00545401019238, 0.336602318133
0.217442615821, 0.0243208001358, 0.329785058414
0.317726537859, 0.0129578758359, 0.327476439138
0.413759463859, 0.00545707269338, 0.326613862217
0.503497763957, -0.000254973491879, 0.327056255595
0.602238955617, 0.0592436961258, 0.62641424904
0.703214550205, 0.0563139590126, 0.625681679601
0.801443712696, 0.054841038545, 0.624343694007
-0.161803198681, 0.15102510027, 0.565585181521
-0.256421099901, 0.17632320107, 0.547678879652
1.69383822293, 0.103607271794, 0.55503291369
-0.260107991327, 0.161536637113, 0.526211602476
1.78925735805, 0.122864582446, 0.534651559891
-0.348719597389, 0.207455638896, 0.518116345226
1.79061041245, 0.111752516485, 0.51744100292
-0.352437257213, 0.197108073598, 0.501728455792
1.500107351, 0.0367573828645, 0.509176964364
-0.168338074672, 0.106500519063, 0.486809185586
-0.262644485587, 0.139372854135, 0.477848606575
1.78945321427, 0.0928825743267, 0.412435370479
1.78793969473, 0.0968545174067, 0.394771167706
-0.352216011249, 0.170336116859, 0.379113268379
-0.257917582017, 0.128060315412, 0.376574464213
1.69087139192, 0.070234050772, 0.384133838119
-0.347924004994, 0.173542721788, 0.359558670002
-0.254266130738, 0.13286212818, 0.349796056336
0.702724697445, -0.0163124222627, 0.369861217766
-0.158349113743, 0.101591947583, 0.342459149337
0.0347597030903, 0.0547274054741, 0.333735110515
0.804369531762, -0.00653945357723, 0.333037745193
0.60441319289, -0.00392603680414, 0.326543036674
