0.166482 0.093293 -0.714925
0.126014 0.094619 -0.712334
0.206194 0.090538 -0.717353
0.084514 0.095450 -0.710177
0.245394 0.088159 -0.720813
0.284643 0.085488 -0.724938
0.325242 0.082162 -0.730748
-0.075442 0.096943 -0.708009
0.365138 0.077151 -0.738133
-0.111790 0.097128 -0.709144
0.206282 0.079177 -0.711627
0.166874 0.080500 -0.708417
0.246223 0.077432 -0.715346
0.126111 0.082127 -0.705825
-0.151162 0.095944 -0.710955
0.085070 0.082760 -0.703566
0.285722 0.074351 -0.719467
0.046077 0.083240 -0.702139
0.326135 0.072425 -0.726025
-0.190683 0.094210 -0.714319
0.005818 0.082665 -0.700986
0.364904 0.068052 -0.733711
-0.034412 0.082329 -0.700220
-0.075666 0.083113 -0.701012
-0.226082 0.091517 -0.718214
0.405294 0.065040 -0.741692
-0.111842 0.083278 -0.702392
-0.265887 0.088974 -0.723934
-0.151572 0.081906 -0.704112
0.247004 0.064295 -0.710518
0.206817 0.065072 -0.706551
0.286563 0.062572 -0.715412
0.167592 0.066002 -0.703188
0.326722 0.060721 -0.721976
0.127002 0.067018 -0.700248
-0.191307 0.080796 -0.707518
0.085993 0.067912 -0.697994
0.046324 0.067657 -0.696240
0.366330 0.057246 -0.730254
-0.305449 0.084939 -0.730967
-0.226755 0.079739 -0.712252
0.006250 0.067820 -0.695497
0.405948 0.055261 -0.738660
-0.033967 0.066965 -0.694682
-0.266795 0.077524 -0.718179
-0.074958 0.067388 -0.695295
0.444302 0.050438 -0.750958
-0.111810 0.067304 -0.696691
-0.151573 0.067149 -0.698797
-0.306479 0.072982 -0.725159
0.247281 0.051096 -0.707663
0.287411 0.049959 -0.712801
0.366562 0.048173 -0.728314
-0.191615 0.066119 -0.702071
0.126996 0.053563 -0.697123
0.406584 0.046325 -0.737312
0.207560 0.050964 -0.703541
-0.227116 0.065710 -0.706923
0.167430 0.050574 -0.699879
0.086583 0.052437 -0.694479
-0.345071 0.068689 -0.733140
0.444850 0.041938 -0.749889
-0.267490 0.063840 -0.713072
0.046439 0.051689 -0.692676
0.006160 0.051854 -0.691879
-0.033920 0.051575 -0.691371
-0.306551 0.060973 -0.720775
-0.075524 0.051746 -0.691923
-0.111891 0.051442 -0.693323
0.406451 0.037194 -0.736716
0.367444 0.037074 -0.727542
0.327929 0.037684 -0.718865
-0.151576 0.051133 -0.695251
0.287693 0.037785 -0.711901
0.248099 0.038205 -0.706524
-0.192053 0.050443 -0.698672
-0.345753 0.056741 -0.729134
0.444402 0.033341 -0.749662
-0.227740 0.050457 -0.703498
0.207537 0.037084 -0.702456
-0.267782 0.050197 -0.709990
0.167657 0.036650 -0.698801
-0.384443 0.054843 -0.741278
0.127246 0.036851 -0.695595
-0.306963 0.048639 -0.717885
0.086622 0.036341 -0.693146
0.405974 0.028100 -0.737198
0.046475 0.036078 -0.691397
0.006140 0.036181 -0.690471
-0.422742 0.049939 -0.756713
-0.034698 0.036207 -0.690071
0.367276 0.026535 -0.728059
0.327741 0.026581 -0.719223
-0.074777 0.035555 -0.690555
0.444128 0.024107 -0.750938
-0.111890 0.035547 -0.691992
-0.151548 0.036211 -0.693949
0.287921 0.025430 -0.712511
-0.191726 0.036207 -0.697288
-0.227821 0.036026 -0.702081
0.247100 0.024222 -0.706927
-0.423403 0.041152 -0.755057
-0.267689 0.035482 -0.708441
0.208262 0.023257 -0.703205
-0.307237 0.035281 -0.716534
0.167246 0.023119 -0.699384
0.405797 0.018533 -0.738990
-0.346376 0.034279 -0.725869
0.367515 0.018175 -0.729588
0.127185 0.022411 -0.696230
-0.384729 0.033870 -0.738393
0.087142 0.021053 -0.693960
-0.423350 0.032844 -0.754315
0.327089 0.015387 -0.720873
0.046708 0.020477 -0.692208
0.006232 0.020221 -0.691181
-0.033483 0.019710 -0.690825
0.287813 0.013127 -0.714641
-0.075221 0.019634 -0.691363
-0.151562 0.020463 -0.694489
-0.111530 0.019419 -0.692735
0.404409 0.009954 -0.741546
-0.267113 0.021871 -0.708674
-0.346116 0.023234 -0.726178
-0.227544 0.020450 -0.702333
-0.191588 0.019494 -0.698004
-0.423407 0.024347 -0.754687
-0.384248 0.023253 -0.738551
0.247999 0.010724 -0.709471
-0.306758 0.020341 -0.716871
0.366404 0.007652 -0.732467
0.207725 0.009516 -0.705704
0.166834 0.008045 -0.702051
0.326244 0.004162 -0.723942
-0.422399 0.015979 -0.755644
0.126711 0.006273 -0.699211
-0.383622 0.012752 -0.739939
-0.345423 0.010684 -0.727807
0.086940 0.004793 -0.697070
0.287699 0.001696 -0.718221
0.046703 0.004226 -0.695287
-0.266686 0.007615 -0.710866
0.006422 0.004077 -0.694095
-0.306192 0.007283 -0.718986
-0.227190 0.005693 -0.704929
-0.033601 0.003394 -0.693809
-0.151187 0.004703 -0.697102
-0.074816 0.003777 -0.694132
-0.191595 0.004943 -0.700559
-0.111886 0.003637 -0.695589
0.365840 -0.002574 -0.737130
0.246817 -0.001645 -0.713475
0.207589 -0.003417 -0.709863
-0.344511 -0.000512 -0.730881
0.325108 -0.007158 -0.728562
0.166184 -0.005687 -0.706348
-0.304825 -0.004186 -0.722049
0.126501 -0.008651 -0.704178
-0.265375 -0.006349 -0.714913
0.287175 -0.010942 -0.724005
0.086931 -0.010142 -0.702207
-0.226519 -0.008656 -0.709320
-0.190967 -0.008886 -0.704763
0.046907 -0.011096 -0.700463
-0.150682 -0.011364 -0.702062
0.246809 -0.014288 -0.719364
-0.033527 -0.012220 -0.698882
-0.074922 -0.012246 -0.699263
-0.111250 -0.012419 -0.700660
0.207115 -0.016794 -0.715938
-0.303483 -0.016447 -0.727134
0.166156 -0.018871 -0.712414
0.126077 -0.021115 -0.710100
-0.225549 -0.021799 -0.715143
0.086625 -0.022495 -0.708106
-0.189978 -0.023184 -0.711255
-0.149395 -0.024922 -0.708269
-0.110574 -0.025797 -0.706647
-0.074312 -0.026022 -0.705551
-0.034633 0.097148 -0.707869
0.006121 0.096671 -0.708114
0.045747 0.096063 -0.708945
-0.344065 0.079702 -0.738595
-0.382591 0.074481 -0.748701
0.404798 0.072574 -0.745422
-0.383929 0.064856 -0.744413
0.442976 0.065981 -0.755863
-0.420284 0.065081 -0.762028
0.443631 0.058322 -0.752777
-0.421682 0.057804 -0.759115
0.327462 0.049291 -0.719808
-0.346283 0.045119 -0.726810
-0.384764 0.044015 -0.739246
0.443186 0.015280 -0.753204
0.442485 0.008578 -0.756089
-0.421505 0.007187 -0.757758
-0.382928 0.003024 -0.742464
0.403672 0.002321 -0.745048
-0.419859 -0.000320 -0.760560
-0.381577 -0.007226 -0.746434
0.006328 -0.010200 -0.698627
-0.342503 -0.012460 -0.735883
-0.264035 -0.019387 -0.720559
0.047106 -0.024023 -0.706634
-0.033572 -0.026468 -0.705485
0.165056 -0.155408 -0.738419
-0.278517 -0.155670 -0.724144
-0.494130 -0.109774 -0.959375