0.703038270671, 0.0564884550404, 0.626186998544
0.60214446418, 0.0593636236086, 0.62689993015
0.801215323617, 0.0551309060972, 0.624890643993
0.897313587932, 0.0547699147085, 0.623326617083
0.501124332521, 0.0627872311056, 0.625753346757
1.00023226188, 0.0562874141681, 0.620865549311
0.411231893272, 0.068468663748, 0.625209295624
1.10064811342, 0.0587103343044, 0.616952195096
0.313880942782, 0.0753999916555, 0.620998712542
1.19919265015, 0.0601331077059, 0.609631569872
0.216304011993, 0.0860921779789, 0.614711320551
1.29652078042, 0.0641814306722, 0.602780490065
0.128992137432, 0.0973203436474, 0.605802907641
1.39405413237, 0.0699011155207, 0.594853212961
0.80143662838, 0.0325955875721, 0.596764873861
0.898108319139, 0.0327707352302, 0.595486154839
0.999915171155, 0.0346106473402, 0.59343925807
0.701672211878, 0.0326479960702, 0.595313051795
0.499994689473, 0.0393800915279, 0.595284913435
0.602031426573, 0.0338506836313, 0.594288374671
0.0308920578348, 0.113423701435, 0.596324969382
1.10105405746, 0.0368267417915, 0.588819520544
1.49508486977, 0.0792980895137, 0.584493210243
0.41054655658, 0.0455759209127, 0.594577352392
1.19886965478, 0.040810097519, 0.584614256355
0.312300921893, 0.0523086093296, 0.589921728754
1.29806392819, 0.0458137192315, 0.579168874495
0.214225841613, 0.0634541389705, 0.585085648987
-0.0664881803842, 0.132065274249, 0.58256003349
1.59457207971, 0.0919165206154, 0.569321610233
1.39623414371, 0.051302534813, 0.570271400249
0.126856003148, 0.077428678468, 0.579797630995
1.49685075352, 0.0631275283083, 0.563004991919
0.0281735295067, 0.0941805641162, 0.571035416337
1.69346465976, 0.10456235012, 0.555133441692
-0.161438786703, 0.151422387973, 0.565674321712
0.899885246481, 0.0122305691569, 0.561850166355
0.801512068207, 0.0110055192166, 0.561473486128
1.00161415236, 0.0139378850896, 0.559125870594
0.702254196478, 0.012382043164, 0.561673807724
1.59358884001, 0.0767962826922, 0.549218010588
1.10235527032, 0.0172543861146, 0.555871905896
0.60264151537, 0.0132235790935, 0.559369206667
0.50125106362, 0.0181208843828, 0.559563706613
1.19968839606, 0.0218236358595, 0.552576809657
0.410126505512, 0.0242924769169, 0.558229145871
1.29952529913, 0.0279219897964, 0.54936228204
-0.0695232358115, 0.112495486386, 0.556101193449
0.311864343156, 0.0325751425287, 0.556329750429
1.69436816355, 0.0919437823806, 0.538517699123
1.78898103054, 0.124041636484, 0.534568549681
1.39789395078, 0.0357406623295, 0.54341167964
-0.256037586749, 0.17707665312, 0.547627577376
0.213016746953, 0.0435123952077, 0.551721071008
1.49791941609, 0.0477044883584, 0.536344668188
0.125535772252, 0.0580211585749, 0.548002237628
-0.16437252584, 0.133175573604, 0.541287473545
0.0260395007874, 0.0755546997227, 0.539950720816
1.59675750313, 0.0630986140961, 0.524455413459
1.79028455085, 0.11279830507, 0.517390307827
1.69567117262, 0.079851124202, 0.516112715487
1.00131317157, 4.99978270325e-05, 0.527797589428
-0.259712222129, 0.162240594062, 0.526068342584
-0.0700672527278, 0.0964050941115, 0.528796974869
0.901006718836, -0.00359304872407, 0.525722689289
1.29993062975, 0.0147537846444, 0.518498595879
1.20126399935, 0.0078805702806, 0.519517028918
-0.348220309126, 0.208155456149, 0.517850250862
0.801488163336, -0.00508821262084, 0.524172622859
0.701700352159, -0.00383392024638, 0.524412358917
1.10163760846, 0.00204226029175, 0.519807087149
1.39974672853, 0.0235295408418, 0.513817751997
0.49953669308, 0.00268879090856, 0.522977205245
1.49992623944, 0.0374702049622, 0.508926351036
1.79178028079, 0.10451026151, 0.499026488868
0.409631641305, 0.00876543253622, 0.52109016294
1.59712735075, 0.0540617276032, 0.503326143436
0.311561142626, 0.0165321025663, 0.518903658454
-0.166387366925, 0.118063163708, 0.513939072398
0.602475655877, -0.00203410523802, 0.523355622256
0.211637982369, 0.0279989881343, 0.515018270412
1.6971325767, 0.0722397473485, 0.495023626375
0.123637656991, 0.0428628702538, 0.512294419116
-0.351910057877, 0.197736899504, 0.501373180176
-0.261240653968, 0.149981207669, 0.503065290136
0.0249048755839, 0.0620531435693, 0.508042394624
1.79300793985, 0.0977826544589, 0.478853900623
-0.0713325698252, 0.0834872737021, 0.500047867273
1.30184244758, 0.00586495163196, 0.487599619361
1.40031564743, 0.0155818625051, 0.484542683702
1.50054186004, 0.029201178206, 0.481664522859
-0.354765311808, 0.188718983232, 0.48338736264
1.20112198974, -0.00122372237509, 0.486212619848
1.59917793853, 0.0468818511081, 0.47662868985
1.69671458698, 0.0664696164642, 0.473037494938
1.00173870859, -0.0115326759311, 0.487789523246
1.102053345, -0.00711583870231, 0.486383518485
-0.167913430726, 0.107064777138, 0.486651398255
0.900990323502, -0.0143581493711, 0.487079726946
0.801430280814, -0.0155000874383, 0.48668758063
0.701497665592, -0.0145775217861, 0.486831664185
0.600410388187, -0.0123347999385, 0.486504673578
-0.262223504855, 0.13998983013, 0.477563351173
1.79185399269, 0.0931825067265, 0.458025811379
0.501246759268, -0.00821971948983, 0.484123465878
0.409493475668, -0.0018503974883, 0.482945966984
0.311484876246, 0.00654274548943, 0.483098533738
0.212360528054, 0.0179624055, 0.480916579887
0.123322066864, 0.0326707995803, 0.477759186202
-0.356581330839, 0.180646014352, 0.462682430009
0.0251318534216, 0.0511763454959, 0.472902708849
1.69548115644, 0.0632167320816, 0.450662543195
-0.0721118388477, 0.0741833471216, 0.468033952012
1.50009346822, 0.0248579937513, 0.454421445884
1.59876932079, 0.0432173157664, 0.450725447861
1.40083090976, 0.0111414423682, 0.454165583863
-0.168241300271, 0.0997067876733, 0.460619444697
1.29926767135, 0.00023807867855, 0.453367018761
-0.262236453067, 0.133238455326, 0.453220015057
1.79125375151, 0.0919730633555, 0.434904091481
1.20292998781, -0.00595655708987, 0.452198551188
1.10110263305, -0.0118704302681, 0.45307194373
-0.356572686069, 0.175013839535, 0.44275884612
1.00162537596, -0.0166655680912, 0.452282172857
0.902310936522, -0.0195444289373, 0.449434021163
1.69516456755, 0.0630222225465, 0.426506678502
0.802056730705, -0.0208553506494, 0.448292050099
1.59946408599, 0.0429615557324, 0.42961451753
0.701760118432, -0.0202705007682, 0.447574653359
0.603444421282, -0.0182964285569, 0.445926912728
0.500179055068, -0.0136502294818, 0.444919002401
0.311461178421, 0.000560507699425, 0.444439529466
1.49863158386, 0.0237848446968, 0.426374880248
1.78912173272, 0.0933504024196, 0.412337694442
0.410406562627, -0.00755423884076, 0.443273433481
0.0265582486346, 0.0454372462454, 0.439567138692
-0.167634922189, 0.0954854714997, 0.433531732124
0.124068171904, 0.0259537426717, 0.439648444344
0.212674160528, 0.0120400149357, 0.43984619907
-0.261108114495, 0.128826710131, 0.427240192805
-0.356750978154, 0.172059129269, 0.421883656469
1.40085480794, 0.0108132709481, 0.423210744734
-0.0709753981763, 0.0680831386992, 0.431443245673
1.30177479782, 0.00011852349892, 0.419260196795
1.69195071297, 0.0653801951692, 0.404343219993
1.78760952193, 0.0972797703556, 0.394662964025
1.20181381332, -0.00625491726908, 0.417493818597
1.59694993128, 0.0451781613367, 0.402572834967
1.10024381066, -0.0124709481707, 0.41505557841
-0.35424359395, 0.170394731827, 0.400853041099
1.00065251422, -0.0169003704393, 0.411514634965
1.49670001441, 0.0259906627855, 0.397569886002
-0.259452163586, 0.127360672985, 0.401022803049
0.902024127535, -0.0195637402422, 0.408337168407
1.69045465513, 0.0703576947806, 0.384063155602
-0.165838727306, 0.0935293326012, 0.402171228289
0.802266387869, -0.0209500903324, 0.407211810883
1.40077460369, 0.0140265262786, 0.39371174976
0.702441029085, -0.0207367512047, 0.406837974923
0.0277118253134, 0.0440971472643, 0.403787282684
0.603346168611, -0.0186081292629, 0.404762297776
-0.0694758937199, 0.0670767670285, 0.398610256348
0.50139515887, -0.0142870168564, 0.404962938814
0.125027918733, 0.0256149530977, 0.402442203607
0.312582665814, -0.000316363672696, 0.404802271614
0.212821771234, 0.0115662816466, 0.403178861102
0.409716777722, -0.00795962007483, 0.403442556946
1.59593971986, 0.0517439464609, 0.375490765404
1.29914031366, 0.00410086069967, 0.387203579909
-0.351972294034, 0.171691389286, 0.378515254329
1.20177934664, -0.00222402476673, 0.384025494645
-0.257565402627, 0.129044328411, 0.376170937236
1.49422818631, 0.0320225941814, 0.367865405296
1.09897130522, -0.0083863681232, 0.379594882757
-0.163413954347, 0.095670350172, 0.373472357693
-0.347726295887, 0.174838308182, 0.358904766205
1.00054925579, -0.0117825041414, 0.37284375352
1.39996844235, 0.0222030090613, 0.360206637267
-0.06589453006, 0.0691116410441, 0.369197936486
0.902403230954, -0.0140493678076, 0.369552552233
0.0312141029772, 0.0475395889366, 0.367825599564
0.702564039851, -0.0163893734011, 0.369944807911
0.803176453271, -0.0155305885706, 0.367459433107
0.214655686152, 0.0153961467359, 0.367506769014
1.29963802979, 0.0125961071211, 0.35370337857
0.126956397845, 0.029534487891, 0.365386795071
-0.253955334526, 0.133897815654, 0.349372968055
0.603908291427, -0.0135916161386, 0.364311898974
0.501480892743, -0.00928008905173, 0.363531042622
0.314177594631, 0.00420779070241, 0.363292668646
0.411672167583, -0.00295736533737, 0.361914382683
1.20110365586, 0.00632387168497, 0.348646275755
-0.158144832039, 0.102142586755, 0.342026835748
1.09942189919, 0.00023356880596, 0.344661525797
1.00000144765, -0.00316835134136, 0.339694531485
-0.0622192426175, 0.0757712982416, 0.336991526561
0.902140837132, -0.00541367344017, 0.336702721245
0.0349370294053, 0.0550024704874, 0.333468846117
0.804156373107, -0.00656881717866, 0.333097440987
0.129779056237, 0.0373375496966, 0.330647890303
0.217567021418, 0.0243229496394, 0.329594467571
0.317832796463, 0.0128688568829, 0.327343243514
0.503477754538, -0.000484467303443, 0.327002555918
0.604336238665, -0.00421098358701, 0.326497273068
0.413795253166, 0.0052808009154, 0.326545411115
