-0.007349 0.148364 -0.705503
-0.048440 0.148317 -0.705262
0.032617 0.148317 -0.706366
0.071724 0.148252 -0.707622
-0.089585 0.147591 -0.705423
0.113582 0.148064 -0.709797
-0.126236 0.147398 -0.706557
0.154413 0.147379 -0.712443
-0.165929 0.145839 -0.708457
0.194506 0.145238 -0.715014
-0.205761 0.143838 -0.712046
0.234066 0.143539 -0.718557
-0.241417 0.140920 -0.716243
0.273689 0.141585 -0.722870
0.033100 0.134957 -0.700320
0.072432 0.135062 -0.701766
0.113832 0.135063 -0.704012
-0.007486 0.133779 -0.699199
-0.089633 0.133211 -0.699252
-0.048039 0.132886 -0.698490
-0.281529 0.138202 -0.722280
0.154962 0.134083 -0.706657
0.314690 0.139063 -0.728923
-0.126110 0.133008 -0.700611
0.194714 0.133424 -0.709914
-0.166163 0.131248 -0.702466
0.235016 0.132387 -0.713716
-0.206208 0.129862 -0.706081
-0.321372 0.134053 -0.729759
0.355031 0.134958 -0.736711
0.274904 0.130031 -0.718044
-0.241936 0.128648 -0.710995
0.315694 0.128971 -0.724737
-0.282296 0.126274 -0.717208
0.395127 0.131240 -0.744403
-0.360228 0.128760 -0.737866
0.073535 0.119739 -0.697082
0.033530 0.118865 -0.695367
0.114907 0.119459 -0.699343
-0.006873 0.118475 -0.694608
0.354898 0.125501 -0.732764
0.155856 0.119126 -0.702279
-0.047406 0.117041 -0.693886
-0.088726 0.116990 -0.694488
0.195401 0.118882 -0.705669
-0.125883 0.116527 -0.695879
0.235943 0.118839 -0.709686
-0.322260 0.121629 -0.724672
-0.165972 0.116010 -0.698067
0.395717 0.123422 -0.741115
0.433771 0.125674 -0.755388
0.275871 0.117881 -0.714638
-0.399026 0.123645 -0.748577
-0.206329 0.114688 -0.701567
0.316418 0.116910 -0.721358
-0.242114 0.114146 -0.706532
-0.361099 0.117287 -0.733093
-0.282818 0.112126 -0.712971
0.356447 0.114375 -0.729901
0.434506 0.117775 -0.752704
0.396478 0.113376 -0.738623
0.115065 0.105703 -0.697022
-0.400254 0.113626 -0.744854
-0.322181 0.109237 -0.721074
0.074312 0.103904 -0.694500
0.236377 0.105343 -0.707611
0.196328 0.104449 -0.703525
-0.436885 0.114464 -0.762640
0.033848 0.102533 -0.692782
-0.006769 0.102143 -0.691964
0.155876 0.103366 -0.699908
0.276877 0.104991 -0.712831
-0.089107 0.100996 -0.692070
0.317453 0.105078 -0.720113
0.435281 0.109707 -0.751307
-0.125765 0.100313 -0.693495
0.356782 0.105134 -0.728473
-0.165768 0.099632 -0.695511
-0.361632 0.104967 -0.729866
-0.047161 0.101300 -0.691499
-0.206572 0.098642 -0.699133
0.397237 0.104301 -0.737767
-0.242576 0.098525 -0.704131
-0.438195 0.106894 -0.760146
-0.400641 0.103310 -0.742320
-0.283003 0.098175 -0.710850
0.435930 0.101081 -0.750704
-0.322436 0.096590 -0.718863
0.237364 0.092273 -0.707246
0.277300 0.092648 -0.712656
0.317894 0.093497 -0.719609
-0.439181 0.098875 -0.758367
0.196489 0.090396 -0.703291
0.357790 0.093894 -0.728360
0.397208 0.095046 -0.737703
0.115510 0.088760 -0.696494
0.156265 0.089264 -0.699672
-0.362024 0.093088 -0.728261
0.074562 0.087579 -0.694151
0.034073 0.086700 -0.692455
-0.006598 0.086238 -0.691514
-0.047756 0.085716 -0.691126
-0.400831 0.092240 -0.740939
0.435582 0.092396 -0.750975
-0.088152 0.084584 -0.691708
-0.125568 0.084199 -0.693153
-0.165561 0.084504 -0.695181
-0.206044 0.084186 -0.698623
-0.242467 0.083876 -0.703590
-0.439750 0.089885 -0.757248
-0.282662 0.083222 -0.710107
0.396813 0.085886 -0.738660
-0.322535 0.083022 -0.718412
0.317847 0.082312 -0.720637
0.357746 0.083306 -0.729521
0.277655 0.080223 -0.713974
-0.361983 0.082078 -0.727980
0.236489 0.078189 -0.708445
-0.400675 0.081959 -0.740731
0.435418 0.083151 -0.752821
0.197384 0.076515 -0.704877
0.156036 0.075641 -0.701143
-0.439613 0.081460 -0.757036
0.115633 0.074238 -0.698048
0.075275 0.072217 -0.695918
0.396753 0.076337 -0.741014
0.034508 0.071021 -0.694222
0.358090 0.074958 -0.731557
-0.006304 0.070183 -0.693230
-0.046327 0.069130 -0.692905
-0.088403 0.068568 -0.693505
-0.165381 0.068654 -0.696719
0.317344 0.071133 -0.723022
0.434593 0.074376 -0.755611
-0.125008 0.067983 -0.694915
-0.281910 0.069505 -0.711223
-0.361603 0.070973 -0.729054
-0.241965 0.068173 -0.704793
-0.205721 0.067393 -0.700432
-0.400083 0.071275 -0.741625
-0.439587 0.072928 -0.757973
0.277754 0.067981 -0.716965
-0.321887 0.067983 -0.719710
0.237604 0.064740 -0.711868
0.395473 0.067813 -0.744136
0.433971 0.067791 -0.758922
0.197029 0.062790 -0.708243
0.357110 0.064500 -0.735124
0.155799 0.060581 -0.704727
-0.438486 0.064481 -0.759469
0.115352 0.058129 -0.702052
0.316606 0.059982 -0.726770
-0.399317 0.060797 -0.743711
0.075271 0.056004 -0.700049
0.394850 0.060306 -0.748123
-0.360759 0.058418 -0.731467
0.034707 0.054810 -0.698328
0.277757 0.056669 -0.721204
-0.005909 0.054073 -0.697161
-0.281324 0.055265 -0.714316
-0.046250 0.052862 -0.696930
-0.321173 0.054941 -0.722642
-0.087790 0.052752 -0.697297
-0.241468 0.053470 -0.708422
-0.164804 0.052939 -0.700383
-0.205554 0.052884 -0.703943
-0.125174 0.052228 -0.698761
0.356681 0.054473 -0.740429
0.236564 0.052481 -0.716635
-0.437519 0.055815 -0.762261
0.197050 0.049995 -0.713205
-0.398505 0.051176 -0.746904
0.315597 0.048858 -0.732110
0.155321 0.046998 -0.709895
-0.359724 0.047329 -0.735235
-0.435782 0.048423 -0.765533
0.115344 0.043391 -0.707966
0.277406 0.044272 -0.727794
-0.319664 0.043567 -0.726455
0.075454 0.041264 -0.706137
-0.279849 0.041449 -0.719343
-0.005819 0.039960 -0.702595
0.035110 0.039682 -0.704483
-0.204764 0.039211 -0.709072
0.236739 0.040126 -0.723367
-0.240637 0.039261 -0.713727
-0.397031 0.041117 -0.751565
-0.045981 0.037416 -0.702992
-0.087712 0.036915 -0.703448
-0.164105 0.037032 -0.706371
-0.124335 0.036364 -0.704944
0.196752 0.036897 -0.720132
-0.357585 0.035610 -0.741024
0.155479 0.034090 -0.716820
0.115091 0.031180 -0.714696
-0.318174 0.031557 -0.732374
0.075316 0.029175 -0.712849
-0.278345 0.028672 -0.725796
0.035477 0.027037 -0.711492
-0.239503 0.026362 -0.720341
-0.203601 0.025174 -0.716450
-0.162641 0.023747 -0.713456
-0.086923 0.023405 -0.710623
-0.045835 0.023448 -0.710507
-0.123490 0.023256 -0.711784
0.156225 -0.101849 -0.751606
-0.291325 -0.108453 -0.737793
-0.509364 -0.050099 -0.972183