0.602767435999, 0.057401341515, 0.627307141305
0.501751278012, 0.0608769806103, 0.626090149014
0.7036626971, 0.0545202799962, 0.626614011321
0.41184386265, 0.066394600932, 0.625558588529
0.801839208988, 0.0531694911804, 0.625368465827
0.897918394857, 0.0528551654444, 0.623860190811
0.314463083099, 0.0732944308041, 0.621334194695
1.0008225516, 0.0543415510844, 0.621436409828
0.216844557721, 0.0838797141036, 0.615123543774
1.1012169985, 0.0567960742302, 0.617527059791
0.129508984488, 0.0950211748083, 0.606215294003
1.19971401781, 0.0581514726155, 0.610266982637
1.29698280488, 0.0622610654238, 0.603470965156
0.0314018979976, 0.110929528287, 0.596740488202
0.802050449765, 0.0307417849297, 0.597129676947
0.500623372013, 0.0374647549213, 0.595509614054
0.411158941455, 0.043566507906, 0.594803272219
0.702300603178, 0.0307252153669, 0.595635692895
0.898718464355, 0.0308985568382, 0.595903978174
0.602675811063, 0.031978084401, 0.594547324651
1.39445470471, 0.0679709548816, 0.595553508899
1.00049919738, 0.0327539422939, 0.593900198295
0.312890597789, 0.0502690793959, 0.590133106076
-0.0659835636766, 0.129380184273, 0.582987501785
1.10161077672, 0.0349712424307, 0.589318805657
0.214782726501, 0.0613874213552, 0.585323383354
1.49542200695, 0.0775072376809, 0.585191014068
1.19940003123, 0.0389065106789, 0.585178339224
0.127396945065, 0.0752412001476, 0.580061373594
1.29851533654, 0.0439257238881, 0.579791746905
0.0287062852742, 0.0918379880505, 0.571330283392
-0.160906765071, 0.148424289327, 0.566194523517
1.59479566789, 0.090134359294, 0.570031361231
1.39661939034, 0.0494920905737, 0.570856905862
1.49717547155, 0.0614145560715, 0.563659848259
-0.0689767992338, 0.109906246851, 0.556428713136
0.702863256405, 0.0105011143535, 0.561862189899
0.900446502978, 0.0103681439321, 0.562123526736
0.802081519775, 0.00920666846791, 0.561692827554
0.501881882351, 0.0162706398365, 0.55963334127
-0.255421804858, 0.173496074312, 0.548211556805
0.603271280967, 0.0113853213494, 0.559475358457
0.410748160722, 0.0223554506185, 0.55830719835
1.00215449804, 0.0120889267131, 0.559500265575
1.69360896628, 0.10305991649, 0.555752579614
0.312464576766, 0.0306552060044, 0.556396300725
1.10284718555, 0.0154084176943, 0.556285109375
0.213608457109, 0.0416105186729, 0.551754929271
1.20016081997, 0.0199347981945, 0.55306089681
0.126081844443, 0.0560033020111, 0.548077905624
1.59382505791, 0.0749974519673, 0.549962942407
-0.163793139561, 0.130369377207, 0.541686480201
1.29990309766, 0.0260413156678, 0.549866618403
0.0266214200437, 0.0733585112839, 0.540073246284
1.39825431407, 0.0339539933192, 0.543934573533
1.69451838685, 0.0904559442639, 0.539095259581
1.78903491538, 0.122550835159, 0.535192133265
-0.259024928736, 0.158907035168, 0.526588237696
1.49816806483, 0.0458800483851, 0.536960396232
-0.0695197477821, 0.0938973416601, 0.529033596283
-0.347344637141, 0.204398372968, 0.518640263173
1.59696610463, 0.0613382768531, 0.525170439798
1.00181967546, -0.00173027500446, 0.528040255744
-0.165720848415, 0.115315306772, 0.514221223752
0.90157327989, -0.00537878784454, 0.525869841253
1.79033622195, 0.111296814393, 0.517938648032
0.702293094203, -0.0056319702617, 0.524456699888
0.80204631583, -0.00684353605492, 0.524242000105
0.500175228532, 0.000883849685668, 0.522925071118
0.410251909982, 0.00694271147092, 0.52103041784
1.69586181974, 0.0784421374772, 0.516655840962
-0.350988937107, 0.194154005355, 0.502113538061
0.312155907872, 0.0148103156698, 0.518797038496
1.20168811069, 0.00601441590957, 0.519943992315
1.10210707782, 0.000219297767027, 0.520083603772
1.30028082212, 0.0129080320446, 0.518935757361
-0.260472503255, 0.146784786299, 0.503483509968
0.212271853478, 0.0262381892183, 0.514904158706
0.12427384773, 0.0408546895031, 0.512236551051
1.40000349794, 0.0217257054456, 0.514290353743
0.0256481283525, 0.059814520418, 0.508013822686
1.49967298669, 0.0351165496179, 0.510071283184
-0.0707155685165, 0.0812404796058, 0.500133665666
1.79184429684, 0.103026950904, 0.499590740429
1.59732161255, 0.052291283254, 0.503929715919
-0.353730026133, 0.184864086547, 0.483953188437
1.69727736763, 0.0707571980631, 0.495547186044
-0.167207284901, 0.104476461333, 0.48681469585
-0.261404131442, 0.136873078388, 0.477911686358
1.79309147198, 0.096292105027, 0.479378043746
1.30216984995, 0.00407411311866, 0.487993648927
1.0022407701, -0.0132116071933, 0.487874284744
1.2014908126, -0.00308880389234, 0.486513819462
0.901502245265, -0.0160692807914, 0.487113494476
1.4005758572, 0.0138162758444, 0.484999298305
0.702119729642, -0.0162686514353, 0.486746829724
1.10252250052, -0.00886406404402, 0.48654981914
0.801996430702, -0.0172057547115, 0.486651206072
-0.355488470441, 0.17691545434, 0.463215572154
1.50074844448, 0.0273642903608, 0.482202499063
0.312102780674, 0.00487366982142, 0.482883501713
0.501882202824, -0.00993977058489, 0.483927339847
0.212927520298, 0.01641906585, 0.480682933022
0.41010935056, -0.00357246000496, 0.482735459398
0.123957909224, 0.0308454781008, 0.47757815975
1.59939886077, 0.0452165287986, 0.477194213438
1.69687510657, 0.064971508386, 0.473529797972
0.0257298916779, 0.0493080012872, 0.472719496689
-0.07147415451, 0.0719404877365, 0.468029190089
-0.16752596218, 0.0972848176012, 0.460704760847
-0.261370293495, 0.130257554166, 0.453498682235
1.79191821368, 0.0916477267421, 0.458518644658
-0.355437137477, 0.17138950088, 0.443240704376
1.69566989187, 0.0616881027249, 0.451132660278
1.50028985108, 0.0230525920988, 0.454900293368
1.59897691742, 0.0415509732122, 0.451224637636
1.40115283113, 0.00954280301183, 0.454581828753
1.29966896062, -0.001366808651, 0.453620016972
1.10154445292, -0.0136117374667, 0.453189251721
1.20332688047, -0.00776002196951, 0.452355569303
1.00212002029, -0.018308936301, 0.452286420818
1.79137293295, 0.0905154278899, 0.435390453157
0.902826709771, -0.0212032505596, 0.449360505074
-0.355612212969, 0.168431335146, 0.422303625848
-0.166904157417, 0.0931093536705, 0.433549192963
-0.26022917116, 0.125968040873, 0.427443380804
0.0271775843377, 0.0436206880198, 0.439335787587
0.802619456377, -0.0224831018911, 0.448152279192
0.702359666913, -0.021926243919, 0.447390130908
0.312082818478, -0.000951946915454, 0.444103827365
0.124644097023, 0.0243228094986, 0.439364246232
0.500790098405, -0.01530416731, 0.444657948239
0.411028514399, -0.00918730870026, 0.442949941633
0.213297815488, 0.0105186567244, 0.439497602598
-0.0703233200823, 0.0659859448435, 0.431312197086
1.59968171084, 0.0413461786347, 0.430072342467
1.69539890969, 0.0615219057357, 0.426959407735
1.49873496863, 0.0219358329441, 0.42679312757
-0.35312549403, 0.166864346771, 0.401252278532
1.78925015838, 0.0918781704744, 0.412792914109
1.40101420412, 0.00891744490442, 0.423557652847
-0.258563269075, 0.124666435187, 0.401180670158
1.3021013559, -0.00160027889668, 0.419458568475
-0.165078547261, 0.0913612964949, 0.402120395209
1.20218831407, -0.00799776337125, 0.417588616757
1.69221240443, 0.0637912296926, 0.4047424367
1.10070898855, -0.0140986563739, 0.415057402471
1.78779844641, 0.0959084666093, 0.395066825563
0.0283364399906, 0.04246003985, 0.403458916257
1.59718707877, 0.0435600029081, 0.402961680287
-0.0688260987861, 0.0652769064569, 0.398392293708
1.00116557247, -0.0184449401252, 0.411425142767
-0.350840422327, 0.168075925654, 0.378894059792
0.125636558585, 0.0240664773144, 0.402037688192
0.902553230152, -0.021128651875, 0.408168298685
0.213433447584, 0.0101793515559, 0.402743311316
0.313195228392, -0.00174532365411, 0.404351605238
0.802823741993, -0.0225016031022, 0.406979938252
0.703047153388, -0.0223289204466, 0.406531094921
0.502001167197, -0.0158953076418, 0.404596248468
1.49691218863, 0.0243328891274, 0.397923209466
0.410322865316, -0.00948259697667, 0.403040180542
0.603945556924, -0.0202405426524, 0.404414840566
-0.256676151193, 0.126554979224, 0.376258758992
1.69075177843, 0.0687754085202, 0.384460629519
1.40106122438, 0.0123544210708, 0.393954536369
-0.162713966396, 0.0936717330484, 0.373356499122
-0.34659790812, 0.171288075898, 0.359277277671
1.29949413569, 0.00234732624557, 0.387405969397
1.59621766103, 0.0502200166125, 0.375856132689
1.20218769102, -0.00389098408033, 0.38404364503
-0.0652178354432, 0.0674915918231, 0.368939595782
1.09945100485, -0.00994456361218, 0.379470662453
0.0318293509906, 0.0458661868218, 0.367449847138
1.49450766748, 0.0305194428827, 0.368193314663
-0.253069392344, 0.131465840005, 0.349447483141
1.00104219133, -0.0132892800977, 0.372624157602
0.12757668067, 0.0280928921446, 0.364922583716
0.215254653735, 0.0140737596773, 0.367007885742
0.902927142532, -0.0155576235412, 0.369288827866
0.703145322147, -0.0179036828576, 0.369549290722
1.40025669298, 0.0205078530595, 0.36041709979
0.803733728274, -0.0170466084309, 0.367140198341
0.314755100339, 0.00292653668704, 0.362767886868
0.604520916379, -0.0151786278141, 0.363873696757
0.502073285796, -0.0108371749632, 0.363056189779
-0.157434500288, 0.100169070833, 0.341850719859
0.412244735376, -0.00452890974496, 0.361450488854
1.29999426032, 0.0109189512842, 0.353802641403
-0.0615384165588, 0.0741288657026, 0.336705102662
1.20151590068, 0.00471909913408, 0.348615109025
1.09991302047, -0.00127680327603, 0.344489482438
0.0355589590419, 0.0535944766307, 0.333025672836
1.00052429126, -0.00465919181858, 0.339417165062
0.130381896341, 0.0360042016117, 0.330127400427
0.902696856836, -0.00686850061921, 0.336367507064
0.218165398443, 0.0230309176132, 0.329015331973
0.804726197403, -0.0079988222984, 0.332740657383
0.318400323845, 0.0115504681849, 0.326778541849
0.41439043013, 0.00387552728733, 0.326026218879
0.504076092295, -0.00196768218122, 0.326497884309
0.604945824827, -0.00573449948649, 0.326006463464
0.603056274673, -0.00377706504375, 0.523418998016
0.601063702058, -0.0139999432077, 0.486377445203
0.603854422878, -0.0199537132995, 0.445761470975
