-0.014549 0.147585 -0.696594
-0.055380 0.147355 -0.696931
0.026223 0.147126 -0.696678
-0.091747 0.147607 -0.698125
0.065879 0.146600 -0.697385
0.104676 0.146072 -0.698500
-0.131154 0.146543 -0.700142
0.146207 0.145371 -0.700488
-0.170702 0.145067 -0.703796
0.186711 0.144182 -0.702974
-0.206109 0.142600 -0.708052
0.226455 0.141570 -0.705341
0.265673 0.139412 -0.708726
-0.245920 0.140374 -0.714108
0.066164 0.133316 -0.691413
-0.055629 0.133055 -0.690791
-0.091824 0.133297 -0.692236
0.025883 0.132632 -0.690425
0.105194 0.132946 -0.692691
-0.014361 0.132233 -0.689895
0.304953 0.136974 -0.712851
0.146268 0.132445 -0.694769
-0.131588 0.132038 -0.694210
-0.285476 0.136726 -0.721592
0.187063 0.130970 -0.697237
-0.171337 0.131163 -0.697928
0.345597 0.133962 -0.718756
0.226498 0.129835 -0.700296
-0.206788 0.130393 -0.702883
0.266454 0.128321 -0.703918
-0.246841 0.128526 -0.709128
-0.324050 0.131949 -0.729638
0.385554 0.129377 -0.726329
0.305989 0.125471 -0.708095
0.346446 0.123935 -0.714615
-0.286515 0.124390 -0.716573
0.026275 0.117400 -0.685869
0.106060 0.117682 -0.688029
0.066353 0.117302 -0.686503
-0.054949 0.116904 -0.686072
-0.362529 0.127305 -0.740166
-0.013954 0.116456 -0.685324
-0.091819 0.116900 -0.687553
0.147105 0.116925 -0.690115
0.425283 0.125166 -0.733925
-0.131602 0.116880 -0.689878
0.187721 0.116094 -0.692874
-0.171651 0.116054 -0.693507
0.226959 0.115376 -0.696068
-0.207162 0.115958 -0.698514
0.385295 0.120015 -0.722386
-0.325058 0.120557 -0.724972
0.267160 0.114829 -0.699905
-0.247533 0.114450 -0.704975
0.306774 0.113388 -0.704705
0.425761 0.117393 -0.730656
0.463559 0.119144 -0.744676
-0.363860 0.117386 -0.736562
0.346972 0.111939 -0.711197
-0.286605 0.112073 -0.713021
-0.400048 0.118705 -0.754156
0.386671 0.108954 -0.719537
0.147067 0.103234 -0.687826
-0.325718 0.108306 -0.721785
0.106625 0.101924 -0.685478
0.464179 0.111272 -0.741999
0.026157 0.101151 -0.683262
0.066450 0.101044 -0.683939
-0.055533 0.101001 -0.683675
-0.091915 0.100773 -0.685216
0.426397 0.107415 -0.728197
-0.401435 0.111213 -0.751746
-0.131618 0.100584 -0.687406
0.227671 0.101028 -0.693925
0.187526 0.100410 -0.690515
0.267403 0.101414 -0.697840
-0.364351 0.107134 -0.734095
-0.172086 0.100097 -0.691134
-0.207788 0.100418 -0.696123
0.307563 0.100568 -0.702882
-0.247833 0.100551 -0.702846
0.347651 0.100343 -0.709671
-0.286999 0.099499 -0.710923
0.464847 0.103268 -0.740601
0.386877 0.099739 -0.718109
-0.402471 0.103177 -0.749882
0.427016 0.098388 -0.727301
-0.326247 0.096497 -0.720247
-0.364663 0.096136 -0.732744
0.465389 0.094686 -0.739986
0.268208 0.088423 -0.697476
0.147292 0.086367 -0.687325
0.227632 0.087034 -0.693679
0.106645 0.085687 -0.685141
0.307829 0.088314 -0.702701
0.026137 0.085329 -0.682841
0.187734 0.086378 -0.690294
0.066477 0.085296 -0.683615
-0.403130 0.094266 -0.748810
0.348121 0.088662 -0.709416
-0.131594 0.085535 -0.687082
-0.054794 0.084658 -0.683330
-0.171774 0.085723 -0.690696
-0.091925 0.084734 -0.684901
-0.207867 0.085853 -0.695643
0.387746 0.088570 -0.718018
0.426878 0.089192 -0.727218
-0.247747 0.085688 -0.702239
-0.287260 0.086004 -0.710462
-0.326343 0.085559 -0.720021
-0.364620 0.085920 -0.732579
0.464929 0.086056 -0.740226
-0.403084 0.085896 -0.748631
0.426387 0.080095 -0.728143
0.347934 0.077543 -0.710434
0.387569 0.078037 -0.719157
0.308054 0.075980 -0.704055
0.267196 0.074421 -0.698731
0.187331 0.072843 -0.691737
0.228363 0.073197 -0.695263
0.147235 0.071926 -0.688862
0.464679 0.076887 -0.742073
0.107168 0.070396 -0.686895
-0.403160 0.077404 -0.749550
-0.326095 0.074512 -0.721090
-0.364159 0.075293 -0.733500
-0.247160 0.072053 -0.703344
0.066717 0.069698 -0.685379
0.026225 0.069357 -0.684537
-0.131608 0.069772 -0.688652
-0.207587 0.070243 -0.696892
-0.055247 0.068748 -0.685117
-0.091564 0.068599 -0.686664
-0.171634 0.069011 -0.692480
-0.286796 0.071037 -0.711790
0.387817 0.069735 -0.721185
0.426235 0.070613 -0.730475
0.347267 0.066425 -0.712770
-0.402177 0.069008 -0.751055
0.463765 0.068172 -0.744826
0.307948 0.063770 -0.706889
-0.363520 0.064882 -0.735617
0.268118 0.061024 -0.702059
-0.325396 0.062034 -0.723547
0.227842 0.059559 -0.698609
0.424882 0.062136 -0.733533
0.186929 0.057863 -0.695323
0.463101 0.061630 -0.748147
-0.246745 0.057891 -0.706465
0.386735 0.059337 -0.724715
-0.286244 0.058078 -0.714798
0.146776 0.055912 -0.692855
-0.401309 0.060376 -0.753775
-0.207252 0.055603 -0.700509
0.106981 0.054274 -0.691011
-0.171643 0.054586 -0.695998
-0.131223 0.054129 -0.692301
0.066724 0.053575 -0.689462
0.026432 0.053319 -0.688444
-0.054825 0.053004 -0.688877
0.346451 0.055357 -0.716554
-0.091919 0.052942 -0.690503
-0.013612 0.052601 -0.688349
-0.362825 0.055313 -0.738852
0.424199 0.054688 -0.737481
0.307874 0.052520 -0.711174
-0.324520 0.051003 -0.727334
-0.399668 0.053018 -0.757028
0.266962 0.048863 -0.706757
0.386219 0.049384 -0.730002
0.227734 0.046832 -0.703547
-0.284866 0.046769 -0.718630
0.186309 0.044340 -0.700468
-0.245439 0.044133 -0.711413
0.345356 0.044328 -0.721900
-0.361473 0.045306 -0.743477
0.146597 0.041231 -0.698724
-0.206582 0.041472 -0.705792
-0.171017 0.040982 -0.701091
0.106998 0.039604 -0.697056
0.026354 0.039278 -0.693849
0.307396 0.040197 -0.717686
0.066957 0.038518 -0.695563
-0.130722 0.038312 -0.698276
-0.013511 0.037230 -0.694362
-0.054929 0.037241 -0.694982
-0.322519 0.039317 -0.733065
-0.091275 0.037151 -0.696593
0.267006 0.036557 -0.713454
-0.283514 0.034810 -0.724470
0.227301 0.033814 -0.710427
0.186334 0.031504 -0.707339
-0.244083 0.031425 -0.717898
0.146230 0.029085 -0.705393
-0.205602 0.028636 -0.712375
0.106747 0.027576 -0.703723
-0.170012 0.026998 -0.708402
0.067193 0.025948 -0.702531
-0.129413 0.025080 -0.705266
-0.090568 0.024117 -0.703424
-0.054287 0.023809 -0.702106
-0.013515 0.023341 -0.701823
0.185630 -0.103260 -0.742065
-0.258547 -0.104277 -0.729710
-0.013937 0.100832 -0.682967
-0.014695 0.085311 -0.682621
-0.013576 0.068819 -0.684355
-0.474333 -0.043866 -0.964085