-0.133803 0.135987 -0.726462
-0.097776 0.135522 -0.725821
-0.057341 0.135490 -0.726139
-0.016974 0.134760 -0.726821
-0.172865 0.135173 -0.727833
0.022272 0.133966 -0.728116
0.060661 0.133154 -0.729775
-0.212085 0.133940 -0.730867
0.101743 0.132147 -0.732327
-0.247216 0.131662 -0.734541
0.141799 0.130644 -0.735359
-0.286756 0.129638 -0.740017
0.181094 0.127741 -0.738267
-0.133884 0.121889 -0.720411
-0.098025 0.121432 -0.719550
0.219858 0.125288 -0.742173
0.022560 0.120875 -0.721995
-0.326055 0.126174 -0.746857
-0.057157 0.120360 -0.719287
-0.017318 0.120484 -0.720410
-0.173289 0.120878 -0.721733
0.061175 0.120229 -0.723824
-0.212708 0.120231 -0.724850
0.101804 0.119419 -0.726462
0.258678 0.122527 -0.746856
-0.247874 0.119626 -0.729257
0.142142 0.117636 -0.729473
-0.364447 0.121597 -0.754324
-0.287651 0.117959 -0.734876
0.181120 0.116194 -0.733064
0.298825 0.119156 -0.753243
0.220621 0.114358 -0.737269
-0.327072 0.114021 -0.741706
-0.402804 0.117128 -0.764273
0.259689 0.111191 -0.741959
0.338279 0.114204 -0.761251
-0.133916 0.105691 -0.715527
-0.097387 0.105475 -0.714641
-0.016973 0.105436 -0.715658
-0.173337 0.105899 -0.717239
-0.056799 0.104771 -0.714534
0.022705 0.105064 -0.716887
0.061988 0.105152 -0.718965
-0.213046 0.105304 -0.720279
0.299658 0.109279 -0.748991
-0.248275 0.105371 -0.724716
0.102584 0.104077 -0.721631
0.142749 0.102936 -0.724902
0.377481 0.109618 -0.769336
-0.288363 0.104048 -0.730569
0.181535 0.101905 -0.728653
-0.404108 0.107324 -0.760541
0.338024 0.104981 -0.757174
-0.440330 0.108632 -0.777690
0.221286 0.101041 -0.733100
-0.327173 0.101838 -0.738025
0.260413 0.099241 -0.738402
0.377939 0.101951 -0.765921
0.415176 0.103154 -0.780290
-0.366094 0.098236 -0.746199
0.300136 0.097418 -0.745390
-0.441697 0.101225 -0.775122
-0.404606 0.097165 -0.757921
-0.098048 0.089729 -0.712009
0.102490 0.090543 -0.719130
-0.134086 0.089717 -0.712978
-0.173431 0.089762 -0.714535
-0.017156 0.089351 -0.712816
0.022723 0.088974 -0.714090
-0.213553 0.089509 -0.717694
-0.248977 0.089992 -0.722155
0.339322 0.094027 -0.754149
-0.288749 0.090301 -0.728284
0.415783 0.095420 -0.777560
0.142479 0.087427 -0.722314
-0.327613 0.089377 -0.735680
0.182175 0.087672 -0.726314
0.221450 0.087757 -0.730826
0.378521 0.092091 -0.763317
-0.442729 0.093333 -0.773181
0.261156 0.086538 -0.736436
-0.366655 0.086540 -0.744473
0.300942 0.085888 -0.744000
-0.404952 0.086271 -0.756435
0.339485 0.084935 -0.752590
0.416399 0.087500 -0.775997
0.379084 0.083152 -0.762257
-0.443405 0.084516 -0.771981
-0.213328 0.075233 -0.717032
-0.173498 0.074837 -0.714024
-0.249128 0.075540 -0.721436
-0.057720 0.073900 -0.711317
-0.134200 0.073810 -0.712412
-0.017293 0.073652 -0.712136
-0.288703 0.075543 -0.727392
-0.097423 0.073518 -0.711410
0.022646 0.073347 -0.713528
-0.327957 0.076002 -0.735070
0.062403 0.073446 -0.715617
0.102597 0.073827 -0.718361
0.222180 0.074854 -0.730280
0.142595 0.073505 -0.721882
0.182068 0.073816 -0.725872
0.416887 0.079008 -0.775269
-0.366809 0.075685 -0.744063
0.261321 0.074382 -0.736016
-0.404964 0.076127 -0.756082
0.301146 0.074347 -0.743281
-0.443402 0.076190 -0.771658
0.340269 0.073853 -0.752346
0.378883 0.074047 -0.762003
0.416372 0.070465 -0.775371
-0.443535 0.067735 -0.772408
-0.366653 0.064716 -0.745015
-0.404584 0.065566 -0.756831
0.378305 0.065010 -0.762731
-0.288244 0.061991 -0.728345
0.300878 0.063315 -0.744129
0.261409 0.062101 -0.737114
0.340005 0.063398 -0.753296
0.221039 0.060967 -0.731238
0.142089 0.060053 -0.723090
-0.327604 0.061130 -0.736177
-0.248969 0.060030 -0.722473
0.102423 0.059470 -0.719650
0.182656 0.060072 -0.727196
-0.173638 0.059167 -0.715334
-0.213327 0.058629 -0.718587
0.062783 0.058251 -0.717123
-0.133979 0.057764 -0.713898
-0.097994 0.057688 -0.712922
-0.017328 0.057780 -0.713575
0.022749 0.057848 -0.715029
-0.056668 0.057477 -0.712806
0.416027 0.061328 -0.777004
-0.442645 0.059372 -0.773836
0.340165 0.055121 -0.755157
-0.404050 0.055211 -0.758832
0.378056 0.055557 -0.764856
0.300138 0.052267 -0.746310
-0.366083 0.052280 -0.747231
0.261256 0.049986 -0.739847
0.415045 0.052646 -0.779641
-0.287970 0.047885 -0.731195
-0.441878 0.050754 -0.776452
-0.327202 0.048215 -0.738916
0.221841 0.047617 -0.734341
0.182016 0.046486 -0.730274
-0.248794 0.045452 -0.725833
0.141532 0.045118 -0.726394
-0.213486 0.044261 -0.721842
0.376631 0.047106 -0.767752
-0.173421 0.043593 -0.718736
0.101799 0.043518 -0.723322
-0.403474 0.045675 -0.761904
-0.134495 0.042163 -0.717458
0.338971 0.044750 -0.758490
-0.097748 0.042006 -0.716398
0.062429 0.042186 -0.720926
0.414291 0.046102 -0.782735
-0.017301 0.041803 -0.717200
0.022583 0.041780 -0.718817
-0.056932 0.041343 -0.716486
-0.440347 0.043391 -0.779523
-0.365361 0.041265 -0.750805
0.299169 0.041223 -0.749821
0.261012 0.038758 -0.743851
0.375846 0.039646 -0.771499
-0.325978 0.036929 -0.742579
0.220544 0.035446 -0.738785
-0.402265 0.035688 -0.766357
-0.286863 0.034151 -0.735937
0.181744 0.033778 -0.734959
0.338318 0.034799 -0.763550
0.140757 0.031653 -0.731248
-0.248331 0.031333 -0.730878
-0.213042 0.030674 -0.726695
0.297932 0.030217 -0.754940
0.101454 0.028862 -0.728889
-0.363546 0.029574 -0.756319
-0.017547 0.027780 -0.722324
-0.173124 0.027788 -0.724405
0.062264 0.027525 -0.726684
0.022632 0.026731 -0.724617
-0.134050 0.026395 -0.723272
-0.098050 0.026265 -0.722181
-0.057042 0.025989 -0.722187
0.260382 0.026426 -0.750094
-0.324810 0.024963 -0.748221
0.220429 0.023164 -0.745246
-0.285698 0.021427 -0.742139
0.181143 0.020757 -0.741545
-0.247539 0.018477 -0.737137
0.140610 0.018805 -0.737852
-0.212256 0.016673 -0.733693
0.100922 0.016701 -0.735302
0.061838 0.015492 -0.733086
-0.172019 0.014550 -0.731136
0.022687 0.014158 -0.731298
-0.133544 0.013364 -0.729804
-0.097611 0.012829 -0.729051
-0.057244 0.012089 -0.729335
-0.301045 -0.112830 -0.751166
0.138734 -0.115168 -0.770186
0.062460 0.089553 -0.716198
-0.056833 0.089290 -0.711931
-0.365432 0.110357 -0.749561
-0.518332 -0.055260 -0.981715