0.41169888333, 0.0651976946325, 0.625615670845
0.501579602597, 0.0597258276969, 0.626208540918
0.602562068521, 0.0563862927312, 0.627472328094
0.703423190418, 0.053538381439, 0.626827679474
0.314336619133, 0.0720182168342, 0.621380140079
0.801552250092, 0.0522570350307, 0.625634622172
0.897581026662, 0.0519367496134, 0.624157363751
0.216763800352, 0.0826561685771, 0.615168639991
1.00043135581, 0.0534022814257, 0.621796663239
0.129482050133, 0.0938368070035, 0.606203504906
1.10077835942, 0.0558540596118, 0.617916429211
0.0313827480032, 0.109988628537, 0.596659694445
1.19923106122, 0.0572795224957, 0.610673210411
0.41103801681, 0.0424242804839, 0.59478199907
0.500475626605, 0.0364393568182, 0.595513791336
1.29645900668, 0.0614419051386, 0.603933873749
0.801791538849, 0.0298530242627, 0.597304200532
-0.0659492785075, 0.128605943457, 0.5828425379
0.602490834204, 0.0310482351527, 0.594596513485
0.702069541998, 0.0298147438687, 0.595756993918
0.312816838467, 0.0490475947497, 0.590082400543
0.898400520866, 0.0300180912394, 0.596142014128
0.214748207554, 0.0602431056496, 0.585241269978
1.00012647733, 0.031851343754, 0.594194234705
1.39391419432, 0.0673104589192, 0.59600322005
0.12743510588, 0.0741670545499, 0.57992492683
1.10117902936, 0.034063131297, 0.589655590064
-0.160934731826, 0.148017572189, 0.56599389683
0.0287546395575, 0.0908949089909, 0.571158751035
1.19889384995, 0.0380174972366, 0.585563481052
1.49487317048, 0.076836308114, 0.585664534726
1.29798548797, 0.0431853573475, 0.580181673982
-0.0688766512559, 0.109228733668, 0.556189807426
-0.255568218994, 0.173519346402, 0.54799008332
1.39606604034, 0.0488132276435, 0.571268849265
1.59429709298, 0.0894660107572, 0.570527410044
0.410652865032, 0.0212789509659, 0.558175074146
0.501757235616, 0.015303496329, 0.559532587774
0.702624243246, 0.00961083366828, 0.561885937621
0.31241712103, 0.0295500016831, 0.556216844382
0.603085172666, 0.0105306557902, 0.559410646507
0.801819051634, 0.00836710385883, 0.561773323621
0.900112528487, 0.00949014903384, 0.562279235216
0.213615536824, 0.0406175367682, 0.551535294752
1.49663010934, 0.0607604119414, 0.564103374134
0.126139313915, 0.0550057398053, 0.547833927398
1.00176267065, 0.011242978521, 0.559669643887
1.10240253868, 0.0144719233437, 0.556537350378
1.69309520735, 0.102518026007, 0.556226983589
0.0267028681112, 0.0725308227945, 0.539758945602
1.19964963439, 0.0190700147865, 0.553346195067
-0.25909165032, 0.158965356627, 0.526228635634
1.59334773301, 0.0743002202472, 0.550415916162
-0.347701085519, 0.20505805618, 0.518239759452
1.29937825281, 0.0253575067904, 0.550199626241
-0.0693592138954, 0.0933140246522, 0.528658090616
1.39765328243, 0.0332498146293, 0.544264038815
1.69397588043, 0.0897802397136, 0.539548481995
1.78846385044, 0.121619090415, 0.535661465045
-0.165602696016, 0.115055931852, 0.51375675302
1.49759728499, 0.0451659617712, 0.537330928324
-0.351289328332, 0.194712396886, 0.501640590382
-0.260478886468, 0.146828801617, 0.50299826121
0.500037053289, -4.63427108826e-05, 0.522713694477
1.00144226936, -0.00257872079939, 0.528177448143
0.410170456799, 0.00595049285832, 0.520772658023
0.312110032481, 0.0137437858878, 0.518509454608
0.702079469199, -0.00649195279224, 0.524380580858
0.801780974742, -0.00764953791857, 0.524237647871
0.21228552108, 0.0253382552963, 0.51457614706
0.124319438634, 0.0400428412913, 0.511865545097
1.59641159863, 0.0605421485816, 0.525551107583
0.0256794972202, 0.0591415956134, 0.5076141629
1.78979083621, 0.110492540028, 0.518433938265
1.10166002994, -0.000674804050543, 0.520284484106
-0.070541156906, 0.0805211622953, 0.499673513652
1.20118848255, 0.00516725883, 0.520088849067
1.29972292448, 0.0122045638142, 0.519195429099
1.69528260332, 0.0777445072267, 0.517076906152
-0.353967485319, 0.185578728384, 0.483515867864
1.39946864171, 0.0211195952141, 0.514518709616
-0.167030679059, 0.104217875717, 0.486274386724
1.49961586283, 0.035101150001, 0.51011170604
-0.261355192168, 0.137011672741, 0.477337467698
1.59677393188, 0.0515283891993, 0.504334229788
1.79126788612, 0.102094597516, 0.500087066268
1.6966949817, 0.0699905796823, 0.495961917811
-0.355664981032, 0.177679907303, 0.462730988869
0.212968636158, 0.0155283722394, 0.480239687222
0.312089085229, 0.00395863898353, 0.482497092908
0.124060113001, 0.0300316799934, 0.477119426703
0.600856971961, -0.0148791997254, 0.486127973048
0.410039507551, -0.00452611610942, 0.482401458993
0.701876077301, -0.0171241217428, 0.486579616777
0.0258975710141, 0.0485147609918, 0.472230103542
0.501751612348, -0.0108521248292, 0.483649789348
0.801739053918, -0.017959768595, 0.486546598663
-0.0712851440597, 0.0714114177106, 0.467477381789
0.901216925743, -0.0168516815314, 0.487090834505
1.00185219832, -0.0140344934674, 0.487962921036
1.30166073118, 0.00341200658224, 0.488151211158
1.1020909049, -0.00971190311524, 0.486673439037
1.20106066598, -0.0038337544745, 0.486635651574
1.79252258722, 0.0954111713848, 0.479866654817
-0.16731283794, 0.0970185713538, 0.460100442205
1.39999933927, 0.0131183861434, 0.485198084385
-0.261286311172, 0.130343824427, 0.452865643919
1.50020359008, 0.0267216699176, 0.482459377145
-0.355579931323, 0.172124924756, 0.442664491138
1.59885438756, 0.0445074889098, 0.477548577689
1.69628862749, 0.064177671769, 0.473953521897
1.79136290362, 0.090817168927, 0.459009822252
-0.355717660772, 0.169117443643, 0.421665574104
-0.166673539834, 0.0930325394107, 0.432882119664
-0.260115042699, 0.126075507884, 0.426764210848
1.69504541738, 0.0608283712616, 0.451534821758
0.0273282331331, 0.0430207574068, 0.438740004018
1.49977405274, 0.0224897334245, 0.45513131111
1.40050219909, 0.00874244654483, 0.454702546057
1.59843799534, 0.0408535764198, 0.451565774858
1.29910196492, -0.00209975848887, 0.453783151047
1.10113838319, -0.0144312066808, 0.453244405237
-0.0700848237874, 0.0655462127851, 0.430684602092
0.12477719583, 0.0236505105658, 0.438807557963
1.00174940678, -0.0191090109378, 0.452298852872
1.20285573681, -0.00854919667323, 0.4524712779
0.312091118261, -0.00182046460405, 0.44362869323
0.213361528201, 0.00979533708094, 0.438964747059
0.902531773086, -0.021934997311, 0.44928529677
0.410966725984, -0.0101294501704, 0.442531482368
0.500701440756, -0.016188343669, 0.444260482419
0.702156796967, -0.0227160771887, 0.447150088573
0.802365917317, -0.0232013419444, 0.447994065424
0.603864223556, -0.0207753532731, 0.445370614552
1.79079974243, 0.0895863442449, 0.435839202502
-0.353229986556, 0.167706781322, 0.400541298768
1.59914844289, 0.0406183804636, 0.430375588722
-0.258427881172, 0.12495225228, 0.400453753755
1.69477891935, 0.0606024705697, 0.427317893389
1.49830924238, 0.0215359110218, 0.426984350926
-0.164845418245, 0.0912359947061, 0.401388475926
1.40057640738, 0.00845942284722, 0.423666814633
1.78874776651, 0.0911206174479, 0.413177201931
0.0285078349328, 0.0418382523615, 0.4028107594
-0.350918611989, 0.16904959848, 0.378112868919
-0.068613608852, 0.0647632810486, 0.397720513409
1.30161667707, -0.00228778639379, 0.41956795308
1.20177092573, -0.00878717607576, 0.417642023218
0.125770665073, 0.0234470494493, 0.401434927402
1.1003031863, -0.0149011605468, 0.415007885878
0.213507065881, 0.0094908222768, 0.402150352551
1.69164562175, 0.0629433585439, 0.405052969331
0.313207364272, -0.00249668729501, 0.403811062914
1.00080008926, -0.0192604670236, 0.41137574574
-0.256532100564, 0.126896696092, 0.375524544184
0.410270301348, -0.0103629490276, 0.402530220591
1.59666455897, 0.0428979778251, 0.403199487579
0.501899473796, -0.0167495358808, 0.404138944378
0.902272087972, -0.0218601655021, 0.408022608523
1.78728518213, 0.0949672149478, 0.395462733599
0.702828031672, -0.0230619888993, 0.406217575498
0.80257401596, -0.0231837169907, 0.406739740298
0.603816973317, -0.0210480796472, 0.404013818737
-0.346668012848, 0.172139765616, 0.358505591916
-0.162511405248, 0.0935383544312, 0.372580363155
1.49641522929, 0.0238397658588, 0.398078013274
1.40054771527, 0.0117825649468, 0.394058358198
1.69018798043, 0.0678552829405, 0.384735971771
-0.0650131372247, 0.0670758559037, 0.368221272784
1.29901898781, 0.001671053886, 0.387374580988
-0.252901900503, 0.131874825881, 0.348732578288
0.0319648504588, 0.0453825006236, 0.366735889626
1.20176526677, -0.0046540632256, 0.384043325428
1.59571076368, 0.0495604038694, 0.376077855067
1.09907007777, -0.0107400738547, 0.379452356297
0.127657568721, 0.0275723055529, 0.364226107988
0.215318786886, 0.0134561657212, 0.366344582276
1.4940239884, 0.0301003268776, 0.368334569633
1.00073296934, -0.0140924550987, 0.372531867024
-0.157231610365, 0.100057425655, 0.341059928815
0.702952056679, -0.018617963729, 0.369170372588
0.314769443161, 0.00219597788712, 0.36213834171
0.902674887217, -0.0162490697626, 0.369064138488
0.803520806353, -0.0177144927132, 0.366821586978
0.412216913274, -0.00531168987644, 0.360870161135
0.501977477167, -0.0116825130086, 0.362534138016
0.604360310264, -0.0159780744048, 0.363404431566
1.39981022559, 0.0199536152247, 0.360469869088
-0.0613311839771, 0.0738139649912, 0.335934391351
1.29958991415, 0.0103483934047, 0.353802460191
0.0357095527362, 0.0530476041408, 0.332285013045
1.20114622606, 0.00395291064409, 0.348583953368
0.130478946591, 0.0353380790496, 0.329407523022
1.09958406864, -0.00203621658565, 0.344420584425
0.218219825219, 0.0223625470188, 0.328318240344
1.00025605949, -0.00542022816823, 0.339265788819
0.902459707827, -0.00754098036855, 0.336119677585
0.318427980762, 0.01085829035, 0.326132528146
0.804543648327, -0.00868642118661, 0.332422279508
0.414355898585, 0.00304624016882, 0.325459050581
0.503990880305, -0.00272839547318, 0.325942158641
0.604809475877, -0.00654926514255, 0.325500758891
0.901204484802, -0.00621827396505, 0.525937768394
0.602929864348, -0.00466037945338, 0.523243353013
-0.163752927321, 0.130103080201, 0.541341204521
