0.155311 0.132360 -0.687260
0.194238 0.129374 -0.691673
0.232598 0.126842 -0.697072
0.115634 0.133959 -0.682708
0.270976 0.124001 -0.703234
0.074914 0.135064 -0.678590
0.310600 0.120555 -0.711174
0.349448 0.115561 -0.720718
-0.082363 0.137845 -0.668440
0.233503 0.115919 -0.692318
0.194427 0.117822 -0.686608
0.155832 0.119365 -0.681521
0.272125 0.112670 -0.698506
0.115875 0.121241 -0.676977
0.311555 0.110689 -0.707034
-0.118180 0.138421 -0.667629
0.075609 0.122150 -0.672791
0.037312 0.122884 -0.669480
0.349313 0.106360 -0.716684
-0.157046 0.137743 -0.667468
0.388605 0.103241 -0.727042
-0.002258 0.122598 -0.666332
-0.196146 0.136675 -0.668985
-0.041787 0.122579 -0.663665
-0.082406 0.123769 -0.662309
0.234251 0.102615 -0.688274
0.272926 0.100733 -0.695081
-0.231212 0.134545 -0.671344
-0.118068 0.124332 -0.661735
0.312119 0.098845 -0.703562
0.194937 0.103564 -0.682336
0.156547 0.104684 -0.677128
0.116777 0.105929 -0.672323
0.350679 0.095417 -0.713810
0.076547 0.107081 -0.668129
-0.157283 0.123461 -0.661536
0.389244 0.093389 -0.724510
-0.270709 0.132684 -0.675292
0.037588 0.107089 -0.664535
-0.196575 0.122968 -0.663121
-0.001787 0.107570 -0.661748
0.426365 0.088785 -0.738657
-0.231697 0.122516 -0.666171
-0.310039 0.129406 -0.680658
-0.041307 0.107011 -0.659085
0.350868 0.086340 -0.712357
-0.081639 0.107830 -0.657589
0.273682 0.088065 -0.693239
0.234459 0.089374 -0.686145
0.389816 0.084485 -0.723515
-0.271434 0.121013 -0.670255
-0.117966 0.108160 -0.657012
0.195608 0.089384 -0.680156
0.116715 0.092407 -0.669947
-0.157208 0.108501 -0.657195
0.156314 0.089210 -0.674659
0.426842 0.080323 -0.737976
0.077065 0.091524 -0.665515
-0.196785 0.108054 -0.658723
-0.310900 0.117264 -0.675608
0.037650 0.091046 -0.661887
-0.231971 0.108266 -0.661790
-0.001918 0.091521 -0.659064
0.389582 0.075415 -0.723285
0.351609 0.075294 -0.712171
0.313110 0.075848 -0.701646
-0.041310 0.091546 -0.656625
-0.272030 0.107113 -0.666113
-0.349343 0.113803 -0.682057
0.273819 0.075954 -0.692937
0.235131 0.076504 -0.685689
0.426296 0.071805 -0.738072
-0.082247 0.092131 -0.655088
-0.118097 0.092233 -0.654615
0.195450 0.075561 -0.679793
-0.310909 0.105100 -0.672069
-0.157245 0.092407 -0.654668
0.156389 0.075335 -0.674340
0.116793 0.075742 -0.669319
-0.197240 0.092298 -0.656275
0.388958 0.066413 -0.724071
-0.232609 0.092927 -0.659362
-0.349912 0.101702 -0.678847
0.076944 0.075466 -0.665056
0.351269 0.064885 -0.713168
-0.272315 0.093399 -0.663882
0.037535 0.075474 -0.661454
0.312769 0.064865 -0.702549
0.425865 0.062727 -0.739796
-0.388716 0.100873 -0.689193
-0.002084 0.075878 -0.658506
0.273832 0.063745 -0.694137
-0.311280 0.092661 -0.669876
-0.042216 0.076230 -0.656099
0.233927 0.062679 -0.686724
-0.081669 0.075972 -0.654638
-0.118240 0.076375 -0.654174
-0.350440 0.090036 -0.677229
0.195942 0.061866 -0.681240
-0.157354 0.077530 -0.654290
0.351324 0.056646 -0.715085
0.155779 0.061949 -0.675604
-0.197065 0.078081 -0.655801
-0.389034 0.090006 -0.687754
-0.232799 0.078525 -0.658797
0.116511 0.061453 -0.670702
0.311921 0.053889 -0.704779
-0.272349 0.078697 -0.663225
0.077216 0.060336 -0.666673
-0.311639 0.079336 -0.669369
0.037521 0.060034 -0.663072
0.273512 0.051689 -0.696902
-0.350607 0.079212 -0.676905
0.387050 0.048630 -0.729114
-0.002241 0.060079 -0.660064
-0.389078 0.079896 -0.687532
-0.041267 0.059880 -0.657739
0.234552 0.049412 -0.689948
0.349982 0.046345 -0.718430
-0.082352 0.060220 -0.656245
-0.118136 0.060407 -0.655808
-0.157607 0.061938 -0.655737
0.195128 0.048362 -0.684375
-0.271970 0.065205 -0.664289
-0.197175 0.061546 -0.657475
-0.232749 0.063076 -0.659976
0.155056 0.047114 -0.678987
0.310764 0.042921 -0.708325
-0.350536 0.068298 -0.678003
-0.388757 0.069377 -0.688412
-0.311399 0.064533 -0.670650
0.115697 0.045597 -0.674448
0.273079 0.040534 -0.700938
0.076662 0.044365 -0.670587
0.349101 0.036486 -0.723491
0.037165 0.044065 -0.666949
0.233050 0.037322 -0.694393
-0.002399 0.044189 -0.663789
-0.388345 0.059076 -0.690543
-0.041757 0.043852 -0.661511
-0.350113 0.055945 -0.680335
-0.082296 0.044625 -0.659839
0.194642 0.035747 -0.689118
-0.271886 0.051182 -0.667307
-0.157579 0.046459 -0.659267
-0.118844 0.044899 -0.659444
-0.197508 0.047264 -0.660845
-0.232765 0.048589 -0.663476
0.309305 0.032013 -0.713440
-0.311162 0.051696 -0.673547
0.154048 0.033723 -0.683892
0.272176 0.028304 -0.707201
0.115086 0.031032 -0.680091
-0.349580 0.044997 -0.684018
0.076225 0.029809 -0.676407
0.232652 0.025143 -0.700901
-0.310130 0.040476 -0.677294
0.036933 0.029126 -0.672834
-0.271018 0.037540 -0.672205
-0.197310 0.033777 -0.665807
-0.232540 0.034573 -0.668612
-0.042130 0.028598 -0.667294
0.193752 0.022839 -0.695756
-0.082879 0.029000 -0.665707
-0.157565 0.030766 -0.665046
-0.118690 0.029243 -0.665389
0.153607 0.020983 -0.690547
0.114270 0.018982 -0.686527
-0.309244 0.028620 -0.683064
0.075516 0.017881 -0.682835
-0.232048 0.021815 -0.674993
-0.196855 0.019879 -0.672917
-0.156772 0.017626 -0.671870
-0.082745 0.015667 -0.672625
-0.118484 0.016321 -0.672023
-0.042189 0.137706 -0.670353
-0.002113 0.136869 -0.672601
0.036840 0.135978 -0.675422
-0.348515 0.125047 -0.686727
-0.387109 0.120811 -0.695354
-0.388287 0.111012 -0.691679
-0.425137 0.112669 -0.707975
0.388052 0.110878 -0.730318
-0.426416 0.105268 -0.705436
0.425059 0.104430 -0.742887
-0.427399 0.097361 -0.703588
0.425726 0.096673 -0.740158
-0.428038 0.088539 -0.702401
0.312906 0.087228 -0.702227
-0.428060 0.080236 -0.702164
-0.428265 0.071809 -0.703046
-0.427449 0.063526 -0.704517
0.388595 0.057023 -0.726233
-0.426817 0.054958 -0.707230
0.424747 0.054100 -0.742356
-0.387925 0.049610 -0.693707
-0.425454 0.047639 -0.710380
0.423847 0.047652 -0.745499
-0.386934 0.039686 -0.698257
0.386092 0.041237 -0.732820
-0.348030 0.033390 -0.689631
-0.002894 0.030261 -0.668974
-0.270153 0.024925 -0.678518
0.036686 0.016660 -0.679590
-0.042654 0.014806 -0.674493
0.150146 -0.111931 -0.723908
-0.286253 -0.108373 -0.688025
-0.511558 -0.048598 -0.909464