1.10113924836, 0.054508228959, 0.618266942399
1.19956209901, 0.05599548582, 0.611039121368
1.29675576503, 0.0602603363588, 0.604299718335
1.00083970131, 0.0520045600211, 0.622139706302
1.39415584423, 0.0661953156518, 0.596357647784
0.898027225603, 0.0504646296874, 0.624479545719
1.49504916832, 0.0758589514976, 0.585976207154
1.59435775154, 0.0886573623315, 0.570817804197
0.502123330686, 0.0576411021218, 0.626495714135
1.29828812854, 0.0420415782138, 0.580499850803
1.19925196455, 0.0367846029023, 0.585838167836
1.10155413311, 0.0327378395458, 0.589963482322
1.39631303245, 0.0477510459402, 0.571563207781
1.00054929468, 0.0304716763757, 0.594488548596
1.49680894341, 0.0597514246817, 0.56439809006
0.412269013692, 0.0628928897857, 0.625930724529
0.898863879675, 0.0285628081806, 0.596421061915
0.802289626464, 0.0283010925974, 0.59754539999
1.59339585801, 0.0734115362399, 0.550725971025
0.314939101845, 0.0695690292019, 0.62171319669
1.69394161752, 0.0892171194592, 0.539695150816
0.702582717043, 0.0280759893643, 0.595996810118
0.21737201612, 0.0801423878678, 0.615538853116
0.603070408429, 0.0291718274125, 0.594819328385
0.501069415873, 0.0343842849409, 0.595745954101
1.2996218142, 0.0241691973621, 0.550458799426
1.39787609903, 0.0321852744995, 0.544497880191
0.130098444784, 0.0913598394999, 0.606551791138
0.411651544873, 0.0401753213141, 0.595020168564
1.49776711307, 0.0441719639965, 0.537571268811
1.19996366916, 0.0178375304341, 0.553586472317
1.10276350681, 0.0132061295131, 0.556764557472
1.00218726324, 0.00989477911613, 0.559915932496
1.5964643285, 0.0596673525053, 0.525800947115
0.900585221429, 0.00810358894197, 0.562448788184
0.313444188612, 0.0467116408657, 0.590330055401
1.69523616218, 0.0770917409636, 0.517182031412
0.0320473748284, 0.107455269425, 0.596982026193
0.802311406557, 0.00685000124322, 0.561922453972
0.215398014538, 0.0578282764499, 0.585506096408
0.70314975626, 0.00792064831219, 0.562046723453
1.79114641578, 0.1016548235, 0.50014506402
0.128088943969, 0.0717328808383, 0.580204032673
-0.0652678887804, 0.12612926181, 0.583129154904
0.6036722141, 0.00870434556651, 0.559549351827
1.59683471007, 0.0507137074092, 0.504513007679
0.502369245076, 0.0133009971868, 0.559672484017
1.39966314151, 0.0200470462639, 0.51471225538
1.29999067745, 0.0110981603194, 0.519406129316
1.69665475589, 0.069281605917, 0.496072681914
0.0294569911074, 0.0884176421371, 0.571411598742
0.411290685222, 0.0190744067469, 0.558334241628
1.20150129064, 0.00399669975066, 0.520303399459
1.00183593587, -0.00389204060498, 0.528304429829
0.313067599939, 0.0272640715739, 0.556375685652
1.10200644965, -0.00193140823952, 0.52043130518
1.79238151245, 0.0948891198545, 0.479923112156
0.901680832165, -0.00758035732367, 0.526049726304
0.214295312982, 0.0383240435589, 0.551678116231
-0.0681914615025, 0.106806899623, 0.556407371324
0.802268677818, -0.0091171741616, 0.524325916288
0.126815406767, 0.0526759784471, 0.547982492735
0.702616622239, -0.00810059742974, 0.524443557909
1.69621403639, 0.0633896155288, 0.474052211921
1.5988858874, 0.0435699069112, 0.47770982737
1.50034598441, 0.0256848233697, 0.482632074659
0.603492660122, -0.00645015980111, 0.52324849095
0.0274183292632, 0.0702117417803, 0.539881558717
-0.16306227248, 0.127837432003, 0.541530245502
1.40020102943, 0.0121056455685, 0.485336453714
1.30185288984, 0.00222918944129, 0.488304926853
1.79121408574, 0.0901776845397, 0.459036643032
0.500671539622, -0.00197573372062, 0.522783220504
0.410813202196, 0.00382391284973, 0.520859755069
1.20132439783, -0.00505142699631, 0.486764356365
-0.0686747790499, 0.0909848052931, 0.528799729506
0.312802626928, 0.0115801446439, 0.518576583744
1.10242296285, -0.0109480702271, 0.486755331723
1.00225627349, -0.0153153228106, 0.488000318704
0.212992643628, 0.0231130905591, 0.514628943854
1.69500155057, 0.0600853614626, 0.451572351638
0.125049785657, 0.0377960911213, 0.511926925613
-0.16488228161, 0.112960948777, 0.513844223787
0.90162437078, -0.0181942592678, 0.487114115825
1.5984570417, 0.0398903877378, 0.45169053778
0.0265421415881, 0.0567068140995, 0.50770068758
0.802222235538, -0.0193808269061, 0.486561727934
1.4999077027, 0.0214364422582, 0.45526696688
1.79067675208, 0.0890739291278, 0.435831712142
-0.259921933133, 0.145104736743, 0.503070722401
0.702418627196, -0.0187007324219, 0.4865762311
1.40073527281, 0.00778513699911, 0.454827847948
-0.0697855470841, 0.0783447788335, 0.499702879586
0.601441450812, -0.0166363310136, 0.486109922726
1.29934074351, -0.00321701258204, 0.453865662628
0.502369176755, -0.0127619580496, 0.48364355684
0.41070108, -0.00662338498489, 0.482400236249
-0.166285825167, 0.102208658008, 0.486284704899
1.2031394919, -0.00974390794516, 0.452515599621
0.312767667429, 0.00186122146103, 0.482476900384
1.59915795529, 0.0396603067193, 0.43045311585
1.10143523531, -0.0156908925616, 0.453293340493
0.213635318286, 0.0134972534014, 0.480216319788
-0.26078026494, 0.13522138266, 0.477370450849
0.124764032846, 0.0279192751045, 0.477091382485
1.00213302602, -0.0203669493983, 0.452286392397
1.49846910433, 0.0205189473276, 0.427102299532
0.0266346556246, 0.0463982724156, 0.472197720409
0.902953477548, -0.0232815132364, 0.44924728193
-0.0705054476923, 0.0692801003455, 0.467450576017
0.802842022995, -0.024594466259, 0.44791803535
1.40075005726, 0.0074278100796, 0.423747717878
-0.166540767387, 0.0950351599157, 0.460042668373
1.69162366913, 0.0621815035462, 0.405061560178
0.702675794334, -0.0242457366782, 0.44708179386
-0.260721648822, 0.128695767392, 0.452819601869
0.604496080366, -0.0225210215278, 0.445297785634
1.30184033402, -0.0033569303332, 0.419623594185
1.59669444715, 0.0419513227191, 0.403245304279
0.501318307939, -0.0180587597096, 0.444199008004
0.411630725969, -0.0121337978359, 0.442466327213
0.312757572973, -0.0038127313485, 0.443546600077
1.20202310988, -0.00996434756925, 0.417649067899
0.0280848207499, 0.0409158189781, 0.438662459763
0.21404926497, 0.00778915928798, 0.438860151953
0.125455180495, 0.0216196803126, 0.438688792849
1.10062516528, -0.016114405397, 0.415037897017
1.49652368306, 0.022868107775, 0.398160533671
-0.165909389758, 0.0912230395143, 0.432759249797
-0.259516913922, 0.124539268913, 0.426645941708
-0.0693315508207, 0.0635751966588, 0.430577765912
1.00119035819, -0.0204949129011, 0.411318540097
1.40072074088, 0.0107193844969, 0.394110234698
0.902698309161, -0.0231187939765, 0.407917490036
1.59572399974, 0.0485917163669, 0.37613672804
0.803075051907, -0.0245586566887, 0.40662846694
1.29923724561, 0.000581089703281, 0.38738965332
0.703372058916, -0.02457104228, 0.406088174887
-0.257835123038, 0.123538868849, 0.400273449023
0.604373547606, -0.0227499570085, 0.403916910267
-0.164115875692, 0.0894931130313, 0.401260100072
0.502517560992, -0.0185690934613, 0.404017316696
1.20203542018, -0.00580765952252, 0.384027454381
0.0292040634799, 0.039930369245, 0.402659386786
0.313871281666, -0.00440465752818, 0.403683866312
0.410923779168, -0.0123435065417, 0.402420017075
0.214201332322, 0.00758690640119, 0.401988916057
0.126431655687, 0.0215513233879, 0.401262216118
1.49413919831, 0.0291290897971, 0.368419991538
-0.0678788652451, 0.0629690175179, 0.397551501364
1.09937978835, -0.0119232197004, 0.379390900808
1.39998923832, 0.0188834337191, 0.360504186841
1.00111354607, -0.0152801041203, 0.372398043966
-0.161802549222, 0.0918627125673, 0.372401973226
0.903092875603, -0.0175013569901, 0.368926556508
1.29981877867, 0.00927453032253, 0.353798250848
-0.0642974186369, 0.0652371986964, 0.36802582243
0.804004180181, -0.0190495064606, 0.366678337636
0.0326596503109, 0.043595151961, 0.366532089012
0.215989099357, 0.0116280999267, 0.366156451284
0.12833351681, 0.0256971379538, 0.364037764855
0.604935610861, -0.0176486783841, 0.363248327693
1.20142689242, 0.00286450442456, 0.348546305247
0.502578925015, -0.0134405552597, 0.362378669927
0.315410777714, 0.000352240907106, 0.361972495731
0.412846701497, -0.00718761392793, 0.360710714963
1.09989535008, -0.00319638114745, 0.344340523937
1.00063116575, -0.00660506044272, 0.339135380949
-0.0606576118735, 0.0720794093857, 0.335745551523
0.902874195386, -0.00879401744838, 0.335973727541
0.131129884477, 0.0335671990633, 0.329168706093
0.218864849819, 0.0206034527997, 0.328072516689
0.319058742986, 0.00901603115919, 0.325930496241
0.504600059023, -0.00453577825226, 0.325765103762
0.414981791876, 0.00125586880814, 0.325272685837
0.603100929715, 0.0544927447341, 0.627775937266
0.70391589204, 0.0517646374712, 0.627148220797
0.802036520663, 0.0506147640132, 0.625974245951
-0.160279432291, 0.145709006216, 0.566281669645
-0.255070013193, 0.171609318315, 0.548218969692
-0.258557853017, 0.157083058587, 0.526384542861
-0.347550479679, 0.204804644735, 0.5183067593
1.6930601991, 0.101823326538, 0.55636887387
-0.35111142744, 0.194483967085, 0.501649552825
1.78840385252, 0.121474974665, 0.535752772248
-0.353780355554, 0.185487979883, 0.483370235168
1.78968422323, 0.110106854091, 0.518471582946
-0.355434519589, 0.177491971545, 0.462491391656
1.49971241245, 0.0338846740712, 0.51005450277
-0.355362081739, 0.171996925537, 0.44236180031
-0.355518170387, 0.169186655315, 0.421257600676
-0.35300144786, 0.167698873256, 0.400227627317
1.69472994077, 0.0598494495607, 0.427352366531
-0.350687394214, 0.169099932537, 0.377757491801
1.78857941019, 0.0904040230383, 0.413188064193
-0.255941370095, 0.125545805684, 0.375331019272
-0.346480833996, 0.172164432326, 0.358128647265
1.78710009359, 0.0944028103883, 0.395534740082
-0.252327062499, 0.130544338852, 0.348492896501
1.69013335108, 0.0670012609725, 0.384765743665
-0.156537359204, 0.0983428634448, 0.340867432668
0.703479285259, -0.0201154317383, 0.369000429235
0.0363731033798, 0.0513128231079, 0.33207767001
0.805020171077, -0.0099517235479, 0.332250545488
0.605375984872, -0.00820573806354, 0.325303756901
