0.411031637367, 0.0642863905077, 0.62606815911
0.313778487253, 0.0710719360087, 0.621760230509
0.500807168537, 0.0590353756232, 0.626724264142
0.601686139339, 0.0557734635506, 0.628120228344
0.216322474033, 0.0818081200256, 0.615499831458
0.702469450538, 0.0529581012893, 0.627576766386
0.80052000248, 0.0517549091632, 0.626495243867
0.129155261005, 0.0932103690026, 0.606412548136
0.896456255464, 0.0514739629541, 0.625076334416
0.0312038718774, 0.109499007297, 0.596701237351
0.999220172319, 0.0529084990451, 0.622807198914
1.09949590533, 0.055314675491, 0.619005076727
-0.0660159643411, 0.128346291138, 0.582707353179
0.410400395778, 0.0415250146029, 0.595161069109
0.499748048679, 0.035710162257, 0.595975231055
0.312288877408, 0.0481572847745, 0.590371708643
0.214352244361, 0.0595153876765, 0.585434403932
1.1978930814, 0.0566912048249, 0.611860658892
0.601673361895, 0.0304375464217, 0.59514392399
0.12716537061, 0.0735700504041, 0.580024126102
0.701127148356, 0.0292187293037, 0.596414361861
0.800751932946, 0.0293780394963, 0.5980721853
-0.160893132608, 0.148033306505, 0.565743192288
0.897281180429, 0.0295334193025, 0.597021563849
0.028619826307, 0.0905182213076, 0.571111746579
1.29511169697, 0.0609287324931, 0.605164598804
0.998917345236, 0.0312983648922, 0.595179163918
1.0998904658, 0.0334490535563, 0.590738469775
1.3925553443, 0.066771615679, 0.597268618354
-0.255441560785, 0.173914386133, 0.547591403767
-0.0688981229069, 0.10898735954, 0.555976219249
1.19753652031, 0.0373483102978, 0.58669011806
-0.163620182236, 0.130140688294, 0.540971336635
1.49351801313, 0.0763704170376, 0.5869210954
1.2966112326, 0.0425996990928, 0.581381865983
0.311916287531, 0.0286604877663, 0.556349977057
0.410021206164, 0.0203728867117, 0.558431181627
0.213258128641, 0.0399621591202, 0.551544345396
0.125878586801, 0.05448828708, 0.547758902243
0.501013201479, 0.0145383137849, 0.559858780947
0.701650028949, 0.00899946720821, 0.562447264422
0.602256111454, 0.00987319369309, 0.559828270811
0.0265932575143, 0.0723028956083, 0.539537859468
-0.258896124287, 0.159354420647, 0.525700732881
0.800758151572, 0.00787023002158, 0.562419881752
-0.347448931859, 0.206031402695, 0.517654734166
0.898961393288, 0.00897615195292, 0.563024407513
1.39466570838, 0.0482614309068, 0.572494005758
1.59294002887, 0.0890455811271, 0.571784758746
-0.0693416993982, 0.093130323423, 0.528345598888
1.00051298844, 0.0106107172032, 0.560584580298
1.49524831327, 0.0602346006463, 0.5653645779
1.10103246905, 0.0137851611959, 0.557506833412
-0.165414446083, 0.115281551203, 0.513242493272
1.19822012903, 0.0183102325468, 0.55439677712
-0.350985776524, 0.195780686565, 0.501009875853
1.69160647865, 0.102032116796, 0.55726646624
-0.260227167542, 0.147321721633, 0.502368776806
1.29790605125, 0.0246507368704, 0.551334475357
1.59197229667, 0.0736806335387, 0.551732742918
1.39614226411, 0.0325312016414, 0.545417455478
0.124134145324, 0.0395283011271, 0.511657481825
0.311643750177, 0.0129620964555, 0.518511983867
0.0256775580368, 0.0588204303116, 0.50726843584
0.211960435249, 0.0247116545321, 0.5144459372
0.409546579777, 0.00502694361617, 0.520914414736
0.499315809262, -0.000870677475362, 0.52292701191
-0.3536062664, 0.186677408599, 0.482785776258
0.602048995905, -0.00535139239882, 0.523507149907
-0.0704966577426, 0.0805235994215, 0.499225591103
0.701102389567, -0.00715870275721, 0.524803910365
1.69249550654, 0.0893982662129, 0.540586983072
1.49613701068, 0.0444518688771, 0.538543395709
0.800713814486, -0.00818680385889, 0.524771525292
1.00014260854, -0.00328336753361, 0.528951796452
0.900038745989, -0.00679181594856, 0.526576537226
1.78687680454, 0.121105366168, 0.536569566646
-0.166828475009, 0.104551211827, 0.485638664924
-0.261073975422, 0.137503620021, 0.476617513894
1.10028048232, -0.00150797176813, 0.521149972102
1.5949811895, 0.059775814892, 0.526807758356
1.19972551963, 0.00431716308766, 0.521074341876
1.29823748993, 0.0114608658257, 0.52025171973
-0.355268845351, 0.178840745138, 0.46189385775
1.7882103881, 0.109876004159, 0.51932213467
1.69376637673, 0.0771374741422, 0.518107725118
1.39787671875, 0.0202413092082, 0.515611463987
1.49790402044, 0.0338910550854, 0.511404898059
0.123852363088, 0.0296346643935, 0.476750774455
0.212590636888, 0.015061648051, 0.480007503625
-0.071178513117, 0.0714495919449, 0.466907212971
0.0258606830943, 0.0483670519799, 0.471750603334
0.31160578395, 0.0031916140252, 0.482361589779
-0.167080250554, 0.097382453811, 0.459370786137
1.59528240924, 0.0505638632953, 0.505506810105
-0.260998663871, 0.131011009797, 0.452054672359
0.409430323366, -0.00547917499697, 0.482401446772
1.78966136446, 0.101283800687, 0.501002467943
-0.355195557902, 0.17330453384, 0.441763099214
0.501023306913, -0.011708389279, 0.483755424568
0.60000030331, -0.0156163430243, 0.486311549514
0.700918508556, -0.0177783205069, 0.486866222148
0.800665941238, -0.0185747203006, 0.486949922781
1.6951414512, 0.069085589842, 0.497006885061
0.899993756194, -0.0174990356366, 0.487606081669
1.00055821669, -0.014838389346, 0.488596417071
1.10069323878, -0.0106565861454, 0.487431040132
1.30009224577, 0.00246058530708, 0.489178967425
1.19955170993, -0.00482867933815, 0.487522697414
1.39841453947, 0.012150400326, 0.486218785686
1.49864975406, 0.0256108790345, 0.483601155734
1.79087969215, 0.0943324120537, 0.48078513017
-0.355360488278, 0.170501900525, 0.420716651546
1.59733404053, 0.0433928226313, 0.478681703142
-0.259811700133, 0.126847797488, 0.425838069102
-0.166435879392, 0.0934869524476, 0.432054340353
1.69474096321, 0.0631671629031, 0.474955901576
0.0272610806938, 0.0429223861896, 0.438135411546
-0.070019594245, 0.0657149611982, 0.429953744423
0.124242932473, 0.0238249064183, 0.438109589803
0.311611594969, -0.00248899897189, 0.443357853853
0.213005904566, 0.00932259173889, 0.438556839476
1.78979101792, 0.089717123792, 0.459868180181
-0.352898362489, 0.169204870015, 0.399513664795
0.410354108757, -0.0110631728251, 0.442410776156
0.49996448251, -0.0170747711701, 0.444241155215
0.603085480293, -0.0215610527596, 0.445419831445
0.701196805237, -0.0234127666187, 0.447302561013
1.00046966307, -0.0199150073358, 0.452820177961
1.09974056682, -0.0154223895841, 0.453912867373
0.801303102471, -0.0238769802659, 0.448246007634
1.49819298919, 0.0211897123606, 0.456181014428
0.901347903149, -0.0226852897314, 0.449679210942
1.39902506293, 0.00780172980412, 0.455694010406
1.29757168665, -0.00310798765774, 0.454668486058
1.20138038927, -0.00960479808961, 0.453230854631
1.69354871326, 0.0597592233507, 0.452474885515
1.5969166001, 0.0395939568979, 0.452639527374
-0.258133601286, 0.125826561369, 0.399446390355
-0.164645547232, 0.0918254995579, 0.400506089638
1.78927230801, 0.0884725532371, 0.43663660176
-0.35062509069, 0.17059449336, 0.376996006179
-0.0685717327898, 0.0650183013739, 0.396881111853
0.0283988085939, 0.0417839997953, 0.402094073359
1.59764167768, 0.0393055600759, 0.431344522723
1.69335711173, 0.0594857485125, 0.428190074977
0.125506057329, 0.023211943387, 0.400805771813
-0.256268369496, 0.127946013723, 0.37446292555
1.4967217201, 0.0201338620152, 0.427944276563
0.213152156103, 0.00906566878339, 0.401623595519
1.39899948394, 0.00720596359548, 0.424539145486
0.312726733501, -0.00311434650305, 0.403409350836
-0.346406635613, 0.173721188065, 0.357376289367
1.30010999216, -0.00329489042312, 0.420328200605
1.78721170583, 0.089715899456, 0.413933874828
1.20030565584, -0.00995093787247, 0.4182932826
0.409665163999, -0.0112756193922, 0.402256336156
-0.162359465309, 0.0941486027347, 0.371566781324
0.501174211087, -0.0176313378035, 0.403961524865
1.09893382348, -0.0159496632252, 0.41561012659
0.999559626583, -0.0201632022918, 0.411758177877
0.60298686263, -0.0219238520028, 0.403953520507
0.701915812972, -0.0238394028312, 0.406217989326
0.801563101047, -0.023901438891, 0.406859225491
0.901130483308, -0.022623171061, 0.408252925783
1.69026554325, 0.061592520282, 0.405825483341
-0.064982128051, 0.0674636370469, 0.367289654252
1.59520828121, 0.0415238843731, 0.404027095229
1.78579459656, 0.0936614580387, 0.396235402675
-0.252650216309, 0.132966746974, 0.347644227698
0.0318374875405, 0.0454009287177, 0.365897698002
1.4948667022, 0.0224917303493, 0.39893246994
1.39903203514, 0.0104345689046, 0.394810471596
0.127386812052, 0.0272979093931, 0.363507501277
1.68882608408, 0.0663591952678, 0.385485683493
0.214952009437, 0.0130703698443, 0.365713157872
1.29754834303, 0.000421012325541, 0.388029736068
-0.157106507621, 0.100527097945, 0.340008442472
1.2003556898, -0.00589015934512, 0.384587820091
1.09774948495, -0.0118485469721, 0.379871147267
1.5942875571, 0.0480749963704, 0.376874887142
0.314272238894, 0.00157997770074, 0.361620725294
0.702068466108, -0.0194334708866, 0.369047945053
0.411597808421, -0.00618389597601, 0.360474106147
0.99953830153, -0.0150363889523, 0.372762155214
-0.0613086640336, 0.0740686379572, 0.334983461338
0.50126871947, -0.0125724913963, 0.362230348727
0.901592118778, -0.0170939363174, 0.369162097623
0.603563493206, -0.0169220138841, 0.363212736419
0.802527810883, -0.018459337378, 0.366823382585
1.49251165795, 0.0286740632611, 0.369155583982
0.035569594277, 0.0531024226708, 0.331399655048
1.39835958235, 0.0184344323234, 0.361146582276
0.130222046663, 0.035089889841, 0.32858248501
1.29820412139, 0.00897592098093, 0.354370564895
0.21785008756, 0.0219157129533, 0.327572076027
1.19982281266, 0.00264270716902, 0.349061910988
1.09833357361, -0.00320556944939, 0.344769108507
0.317948779018, 0.0102495941048, 0.325528815808
0.999129357287, -0.00645743793317, 0.339440625515
0.901446661739, -0.00845727431893, 0.336153665232
0.413781353577, 0.00223094301034, 0.324995533015
0.803634498168, -0.0094258419328, 0.332332305278
0.503342295596, -0.00372493900595, 0.325563397158
0.604048619565, -0.00761225401507, 0.325208077739
