-0.111922 0.117100 -0.686444
-0.151116 0.116645 -0.686769
-0.075809 0.116300 -0.686816
-0.035289 0.115880 -0.688214
-0.190517 0.115754 -0.688799
0.005157 0.114736 -0.689945
0.044460 0.113534 -0.692277
-0.225848 0.113737 -0.691609
0.082888 0.112291 -0.694940
-0.265633 0.111957 -0.696088
0.123997 0.110810 -0.698535
0.164065 0.108825 -0.702569
-0.305244 0.108703 -0.701945
-0.111977 0.103063 -0.680061
-0.076019 0.102281 -0.680187
-0.151517 0.102412 -0.680342
-0.191110 0.102096 -0.682493
0.203365 0.105454 -0.706424
-0.035056 0.100811 -0.681010
-0.226471 0.101745 -0.686038
0.004839 0.100522 -0.683180
0.044772 0.100499 -0.685863
-0.343975 0.104336 -0.708442
0.083431 0.099433 -0.688683
-0.266501 0.100338 -0.690693
0.242125 0.102506 -0.711331
0.124085 0.098155 -0.692341
0.164431 0.095893 -0.696347
0.280919 0.099219 -0.716973
-0.382748 0.100017 -0.717475
-0.306236 0.096606 -0.696488
0.203404 0.093954 -0.700914
-0.344918 0.093130 -0.703402
0.320996 0.095258 -0.724388
0.242899 0.091623 -0.706155
-0.151591 0.087422 -0.675504
-0.112045 0.086871 -0.674798
-0.191470 0.087158 -0.677602
-0.226900 0.087486 -0.681192
-0.075420 0.086317 -0.674911
0.005143 0.085487 -0.678079
-0.034736 0.085217 -0.675887
-0.267240 0.086428 -0.686109
-0.384032 0.090226 -0.713483
0.044881 0.084698 -0.680382
-0.420810 0.091571 -0.729999
0.084207 0.084350 -0.683484
0.281930 0.087927 -0.711825
0.360317 0.089683 -0.733363
-0.306352 0.084431 -0.692546
0.124823 0.082827 -0.687138
0.321834 0.085431 -0.719894
0.164978 0.081189 -0.691420
-0.345602 0.081009 -0.699822
0.203763 0.079674 -0.696142
-0.422172 0.084201 -0.727260
0.399335 0.084382 -0.742388
-0.384548 0.080065 -0.710660
0.243503 0.078312 -0.701641
0.360073 0.080530 -0.728972
0.282587 0.075967 -0.707940
-0.227666 0.072067 -0.678267
-0.151770 0.071249 -0.672474
-0.267664 0.072632 -0.683469
-0.192062 0.071320 -0.674658
-0.112310 0.070855 -0.671874
-0.076166 0.070534 -0.671880
-0.423216 0.076300 -0.725127
-0.034882 0.069679 -0.672919
-0.306855 0.071947 -0.689982
0.004868 0.069354 -0.674845
0.399807 0.076769 -0.738840
0.322260 0.073571 -0.715951
0.044805 0.068568 -0.677202
0.124636 0.069243 -0.684299
0.084588 0.068708 -0.680349
0.436759 0.077185 -0.754217
-0.346238 0.069279 -0.697861
-0.384957 0.069135 -0.708919
0.164615 0.065635 -0.688413
0.361324 0.069557 -0.725667
0.204309 0.065405 -0.693456
0.243586 0.064998 -0.699052
-0.423942 0.067450 -0.723738
0.437366 0.069463 -0.751279
0.400350 0.066906 -0.735929
0.283225 0.063220 -0.705637
0.322900 0.062016 -0.714106
-0.227961 0.057530 -0.677270
-0.191992 0.056981 -0.673743
-0.307299 0.058498 -0.689081
-0.267766 0.057805 -0.682316
-0.151986 0.056232 -0.671635
-0.346483 0.058363 -0.697218
0.361415 0.060418 -0.723827
-0.385067 0.058943 -0.708409
-0.112568 0.054849 -0.670940
0.437939 0.061539 -0.749467
-0.424022 0.059079 -0.723236
-0.075693 0.054229 -0.670921
-0.035904 0.054224 -0.671917
0.004593 0.053565 -0.673817
0.044580 0.052843 -0.676259
0.400844 0.057935 -0.734557
0.084358 0.052505 -0.679376
0.124595 0.052422 -0.683121
0.164594 0.051622 -0.687629
0.244172 0.052027 -0.698147
0.204055 0.051462 -0.692643
0.283281 0.050994 -0.704913
0.323064 0.050397 -0.713182
0.438353 0.053008 -0.748449
-0.424279 0.050578 -0.723875
0.362086 0.049267 -0.723293
-0.384812 0.048288 -0.708980
-0.346466 0.047302 -0.697970
0.400560 0.048781 -0.734051
-0.267485 0.044135 -0.683003
-0.307149 0.043494 -0.689924
-0.228138 0.041862 -0.678202
-0.152325 0.040435 -0.672637
-0.192196 0.040215 -0.674936
0.437774 0.044413 -0.748341
-0.423524 0.042123 -0.725190
-0.112554 0.038666 -0.672087
-0.076473 0.038265 -0.672059
-0.035026 0.037642 -0.673057
0.004355 0.037550 -0.674891
0.124243 0.037944 -0.684090
0.163916 0.038063 -0.688509
0.044488 0.037191 -0.677402
0.322652 0.039259 -0.713706
0.084560 0.037163 -0.680520
0.283256 0.038635 -0.705752
0.242874 0.038022 -0.698751
0.204482 0.037579 -0.693660
0.399889 0.039673 -0.734543
0.361691 0.038722 -0.723948
-0.384443 0.037823 -0.710811
-0.346100 0.034757 -0.699980
0.437308 0.035186 -0.749762
-0.422930 0.033377 -0.727662
-0.306964 0.030433 -0.692429
-0.267450 0.029873 -0.685572
0.361723 0.030327 -0.725618
0.399516 0.030111 -0.736441
-0.228082 0.027147 -0.681085
-0.384062 0.028172 -0.713762
0.321737 0.028088 -0.715589
-0.192592 0.025683 -0.677897
0.282872 0.026346 -0.708097
-0.152361 0.024681 -0.675730
-0.421565 0.025901 -0.730629
0.243467 0.024498 -0.701591
0.436167 0.026385 -0.752072
0.203624 0.023832 -0.696387
-0.113326 0.022878 -0.675309
-0.345605 0.023566 -0.703350
-0.076477 0.022386 -0.675209
0.163128 0.022977 -0.691451
0.123372 0.021798 -0.687367
-0.035574 0.021322 -0.676345
0.004141 0.021369 -0.678145
0.044076 0.020928 -0.680826
0.083954 0.020895 -0.683968
0.397944 0.021522 -0.739033
-0.305958 0.018987 -0.695937
0.360350 0.019797 -0.728682
0.435277 0.019771 -0.755045
-0.383076 0.018030 -0.718051
-0.266617 0.015931 -0.690082
0.320571 0.016900 -0.718864
0.282431 0.014936 -0.711825
-0.227899 0.012822 -0.685827
0.396991 0.013939 -0.742546
-0.192422 0.011897 -0.682490
0.241942 0.012137 -0.705651
-0.344058 0.011664 -0.708609
0.203119 0.010929 -0.700771
0.162102 0.009287 -0.695985
0.359474 0.009683 -0.733473
-0.152384 0.008645 -0.681073
0.003625 0.007133 -0.682954
-0.113204 0.006875 -0.680818
0.122745 0.006906 -0.692605
-0.305059 0.006821 -0.701303
-0.077090 0.006413 -0.680650
0.083509 0.005996 -0.689385
-0.035980 0.005730 -0.681695
0.043823 0.005647 -0.686301
0.319097 0.005734 -0.723688
-0.265750 0.002995 -0.696061
0.281536 0.002383 -0.717730
-0.227399 -0.000268 -0.691852
0.241565 -0.000377 -0.711810
-0.191964 -0.002369 -0.689196
0.202243 -0.002312 -0.707043
0.161676 -0.003786 -0.702296
-0.151584 -0.004836 -0.687562
0.121945 -0.005466 -0.698716
0.082817 -0.006250 -0.695500
-0.112988 -0.006376 -0.687115
0.043604 -0.007157 -0.692729
-0.076944 -0.007268 -0.687212
-0.036499 -0.008427 -0.688505
-0.282734 -0.131408 -0.701487
0.157983 -0.138976 -0.732187
-0.506163 -0.076509 -0.928449