0, 0.07334
1.152E-5, 0.09316
2.256E-5, 0.17518
7.872E-5, 0.48335
2.352E-4, 1.59183
4.2576E-4, 2.86139
5.9376E-4, 4.08376
8.4E-4, 5.95863
0.00116, 8.35608
0.00149, 10.68386
0.00184, 12.88856
0.00222, 15.14413
0.00261, 17.36997
0.00306, 19.62686
0.00353, 21.74811
0.0041, 23.91798
0.00489, 25.93228
0.00566, 28.11073
0.00624, 30.07406
0.00679, 32.12441
0.00727, 34.10756
0.00775, 36.20991
0.0082, 38.17017
0.00865, 40.21747
0.00907, 42.20644
0.00949, 44.1617
0.00991, 46.16547
0.0103, 48.06854
0.01072, 49.9953
0.01111, 51.89959
0.0115, 53.82257
0.01188, 55.6236
0.01228, 57.61502
0.01266, 59.36752
0.01305, 61.27058
0.01343, 63.06915
0.01382, 64.95853
0.01419, 66.70735
0.01459, 68.56445
0.01498, 70.35924
0.01536, 72.1143
0.01574, 73.94402
0.01611, 75.65802
0.0165, 77.46527
0.01687, 79.22901
0.01725, 81.00398
0.01765, 82.66946
0.01803, 84.52778
0.01841, 86.14974
0.01881, 87.94443
0.01919, 89.60215
0.01957, 91.34821
0.01994, 92.94617
0.02033, 94.64494
0.02071, 96.30266
0.0211, 97.97314
0.02148, 99.65107
0.02189, 101.26925
0.02229, 102.96834
0.02267, 104.54668
0.02306, 106.19602
0.02344, 107.69234
0.02383, 109.43493
0.02423, 110.90644
0.02463, 112.54699
0.02501, 114.07068
0.02543, 115.67518
0.0258, 117.13922
0.02618, 118.71757
0.02659, 120.16915
0.02698, 121.67916
0.02737, 123.21655
0.02776, 124.63575
0.02816, 126.14321
0.02855, 127.58733
0.02893, 129.05128
0.02932, 130.42942
0.02974, 131.98917
0.03012, 133.32257
0.03054, 134.84505
0.03094, 136.23442
0.03138, 137.76803
0.03179, 139.17354
0.03219, 140.67978
0.0326, 142.1002
0.03303, 143.48458
0.03346, 144.9474
0.03386, 146.23473
0.03426, 147.65271
0.03468, 149.0047
0.03508, 150.39285
0.03547, 151.62043
0.03588, 153.18396
0.03626, 154.3618
0.03667, 155.74004
0.03703, 156.97508
0.03743, 158.38315
0.03781, 159.55853
0.03819, 160.92176
0.0386, 162.23401
0.03897, 163.5002
0.03938, 164.83606
0.03975, 166.11593
0.04019, 167.52646
0.04056, 168.73299
0.04096, 170.0763
0.04134, 171.19581
0.04176, 172.64852
0.04211, 173.7095
0.04254, 175.03667
0.04294, 176.27303
0.04335, 177.63258
0.04374, 178.81788
0.04415, 180.16251
0.04454, 181.3478
0.04494, 182.619
0.04534, 183.95117
0.04571, 185.08805
0.04609, 186.27211
0.04647, 187.43013
0.04684, 188.64658
0.04721, 189.76731
0.04761, 191.0857
0.04797, 192.12932
0.04838, 193.41042
0.04872, 194.50868
0.04914, 195.80358
0.04948, 196.86701
0.04988, 198.17303
0.05026, 199.36343
0.05063, 200.50153
0.05099, 201.73034
0.05135, 202.85475
0.05175, 204.0713
0.05209, 205.18069
0.05246, 206.36609
0.05281, 207.34995
0.05319, 208.68335
0.05353, 209.67099
0.05392, 210.88366
0.05423, 211.92972
0.05461, 213.22329
0.05496, 214.17732
0.05532, 215.35148
0.05566, 216.47957
0.056, 217.56547
0.05634, 218.68498
0.05669, 219.74597
0.05706, 220.89642
0.05739, 221.92257
0.05775, 223.12043
0.05808, 224.1142
0.05841, 225.32441
0.05872, 226.276
0.05907, 227.32952
0.05937, 228.23248
0.05973, 229.38304
0.06005, 230.26619
0.06037, 231.39806
0.06073, 232.46772
0.06107, 233.57967
0.0614, 234.70664
0.06175, 235.75148
0.06206, 236.8522
0.06241, 237.87712
0.06273, 238.97416
0.06306, 239.90827
0.0634, 241.08121
0.0637, 242.01532
0.06406, 243.14474
0.06434, 244.05649
0.06467, 245.24055
0.065, 246.09387
0.06531, 247.19459
0.06564, 248.20827
0.06595, 249.17477
0.06626, 250.23565
0.06658, 251.21073
0.06689, 252.20317
0.06719, 253.14709
0.06752, 254.18427
0.06781, 255.01634
0.06812, 256.12564
0.06841, 256.93156
0.06873, 257.93146
0.06901, 258.80082
0.06934, 259.92135
0.06962, 260.71236
0.06991, 261.70603
0.07022, 262.64372
0.07052, 263.59265
0.07081, 264.52165
0.07109, 265.43207
0.07139, 266.36731
0.07165, 267.22421
0.07196, 268.23657
0.07222, 269.04249
0.07252, 270.0809
0.07279, 270.857
0.07306, 271.78846
0.0733, 272.55955
0.07361, 273.60552
0.07385, 274.35546
0.07415, 275.33544
0.07438, 276.21348
0.07466, 277.14995
0.07495, 278.07528
0.07523, 278.97191
0.07551, 279.89847
0.07576, 280.72921
0.07602, 281.66823
0.07625, 282.45669
0.07656, 283.45036
0.07679, 284.22891
0.07708, 285.22758
0.07732, 285.95884
0.07761, 286.9762
0.07784, 287.69877
0.0781, 288.63892
0.07837, 289.50337
0.07863, 290.36272
0.07889, 291.22084
0.07912, 292.03544
0.07938, 292.9048
0.07964, 293.743
0.07988, 294.63473
0.08012, 295.33238
0.0804, 296.29132
0.0806, 296.94545
0.08086, 297.80735
0.08108, 298.49877
0.08134, 299.45516
0.08155, 300.06578
0.0818, 300.90276
0.08201, 301.63412
0.08226, 302.43871
0.08249, 303.26078
0.08272, 304.05179
0.08296, 304.93228
0.0832, 305.6524
0.08345, 306.5714
0.08367, 307.29397
0.08394, 308.28519
0.08416, 309.06496
0.08441, 309.97038
0.08463, 310.69796
0.08488, 311.61083
0.08509, 312.1953
0.08532, 313.03361
0.08553, 313.7524
0.08574, 314.562
0.086, 315.42635
0.08622, 316.27089
0.08645, 317.13391
0.08667, 317.93115
0.08691, 318.80051
0.08712, 319.47947
0.08737, 320.41726
0.08756, 321.09377
0.0878, 322.03779
0.08799, 322.73422
0.08826, 323.72789
0.08844, 324.40449
0.08869, 325.38069
0.08891, 326.21522
0.08911, 327.08335
0.08936, 327.97753
0.08959, 328.80705
0.08982, 329.70746
0.09008, 330.63902
0.09028, 331.60654
0.0905, 332.40123
0.09076, 333.47334
0.09095, 334.17344
0.09121, 335.13115
0.09142, 335.88355
0.09164, 336.876
0.09183, 337.53759
0.09209, 338.49397
0.09229, 339.32472
0.09252, 340.24505
0.09274, 341.15169
0.09297, 342.03105
0.0932, 343.0097
0.0934, 343.843
0.09365, 344.80807
0.09386, 345.60153
0.09409, 346.61021
0.0943, 347.37252
0.09453, 348.38488
0.09474, 349.17957
0.09498, 350.21185
0.09517, 350.90705
0.09541, 351.88458
0.09562, 352.6619
0.09583, 353.60092
0.09607, 354.49254
0.09626, 355.35689
0.09652, 356.28468
0.09672, 357.15281
0.09694, 358.09551
0.09715, 358.90143
0.09737, 359.89265
0.09757, 360.64627
0.0978, 361.63493
0.09801, 362.36629
0.09822, 363.35751
0.09842, 364.05393
0.09864, 365.04259
0.09885, 365.85475
0.09905, 366.75516
0.09926, 367.64433
0.09948, 368.49009
0.0997, 369.42033
0.09991, 370.32451
0.10015, 371.23361
0.10035, 372.0333
0.10057, 373.05434
0.10078, 373.85526
0.101, 374.84648
0.10118, 375.61256
0.10142, 376.59877
0.1016, 377.29653
0.10183, 378.24668
0.10199, 379.01277
0.10224, 379.96793
0.10244, 380.93555
0.10265, 381.862
0.10287, 382.84208
0.10306, 383.71011
0.10327, 384.60184
0.10345, 385.36425
0.10367, 386.33677
0.10385, 387.05066
0.10407, 388.02686
0.10426, 388.78182
0.10447, 389.78172
0.10464, 390.47324
0.10486, 391.45199
0.10502, 392.20072
0.10523, 393.15209
0.10544, 394.01267
0.10566, 394.87824
0.10585, 395.76129
0.10605, 396.59203
0.10625, 397.5522
0.10643, 398.3096
0.10666, 399.29336
0.10684, 400.07559
0.10706, 401.09663
0.10725, 401.8764
0.10748, 402.93973
0.10765, 403.68345
0.10786, 404.75546
0.10804, 405.59622
0.10824, 406.59111
0.10846, 407.54883
0.10867, 408.45169
0.10888, 409.44913
0.10909, 410.44157
0.10931, 411.45638
0.1095, 412.32329
0.10972, 413.38039
0.10992, 414.19867
0.11016, 415.27079
0.11033, 416.08907
0.11055, 417.1288
0.11075, 417.86006
0.11097, 418.86251
0.11114, 419.61859
0.11134, 420.5762
0.11154, 421.47048
0.11175, 422.32114
0.11193, 423.24392
0.11213, 424.10082
0.11235, 425.09571
0.11254, 425.98621
0.11277, 427.07191
0.11295, 427.88784
0.11317, 428.90143
0.11334, 429.71348
0.11356, 430.71471
0.11374, 431.43728
0.11397, 432.48069
0.11415, 433.27783
0.11436, 434.25414
0.11454, 435.11971
0.11473, 436.02012
0.11495, 436.92676
0.11513, 437.78611
0.11534, 438.72012
0.11552, 439.51369
0.11575, 440.56333
0.11592, 441.32809
0.11613, 442.34045
0.1163, 443.12278
0.11652, 444.17865
0.11668, 444.87763
0.11688, 445.91236
0.11704, 446.67467
0.11724, 447.63728
0.11737, 448.5427
0.11752, 449.47293
0.11769, 450.36098
0.11784, 451.2477
0.11803, 452.25751
0.11818, 452.98876
0.11837, 453.97007
0.11853, 454.7859
0.11872, 455.84433
0.11885, 456.59551
0.11904, 457.5667
0.1192, 458.2906
0.11937, 459.2905
0.11953, 460.06527
0.1197, 461.03657
0.11986, 461.9333
0.12003, 462.78764
0.12018, 463.65822
0.12034, 464.53504
0.12052, 465.49142
0.12067, 466.30603
0.12087, 467.30838
0.12101, 468.11808
0.12119, 469.16272
0.12135, 470.01716
0.12154, 471.08672
0.12168, 471.8478
0.12189, 472.9049
0.12203, 473.71205
0.12221, 474.6859
0.12236, 475.52533
0.12255, 476.50909
0.12271, 477.47794
0.12287, 478.39949
0.12308, 479.44791
0.12322, 480.24637
0.12338, 481.2811
0.12353, 482.1094
0.12372, 483.16394
0.12387, 483.9525
0.12405, 485.11399
0.12419, 485.8665
0.12437, 486.9808
0.12451, 487.80041
0.1247, 488.81154
0.12484, 489.68703
0.12503, 490.6571
0.12516, 491.56374
0.12532, 492.48407
0.1255, 493.55363
0.12566, 494.33585
0.12583, 495.37058
0.12597, 496.26977
0.12614, 497.34678
0.12628, 498.13279
0.12646, 499.21359
0.12659, 499.97467
0.12675, 501.02186
0.1269, 501.93095
0.12707, 502.96691
0.12721, 503.82135
0.12737, 504.81624
0.12752, 505.75403
0.12768, 506.72656
0.12783, 507.74392
0.128, 508.64055
0.12814, 509.65046
0.12829, 510.55209
0.12845, 511.58304
0.12857, 512.40644
0.12874, 513.48223
0.12885, 514.22594
0.12901, 515.29918
0.12914, 516.11747
0.12931, 517.18703
0.12947, 518.01665
0.12961, 519.05506
0.12976, 519.97416
0.12991, 520.86588
0.13006, 521.86578
0.1302, 522.66547
0.13034, 523.67283
0.13048, 524.53463
0.13064, 525.57814
0.13075, 526.31185
0.13091, 527.4523
0.13104, 528.13882
0.1312, 529.22829
0.13132, 530.00562
0.13145, 530.97692
0.1316, 531.80889
0.13174, 532.76282
0.1319, 533.63463
0.13201, 534.55618
0.13218, 535.60582
0.1323, 536.37446
0.13246, 537.38182
0.13259, 538.26353
0.13276, 539.32942
0.13289, 540.06435
0.13303, 541.12155
0.13316, 541.8428
0.13332, 542.86762
0.13343, 543.61634
0.13359, 544.61992
0.13373, 545.44699
0.13388, 546.46435
0.134, 547.41328
0.13414, 548.38202
0.13428, 549.4143
0.13444, 550.31971
0.13459, 551.36813
0.1347, 552.27099
0.13488, 553.32564
0.13501, 554.16384
0.13515, 555.27079
0.13527, 555.96098
0.13539, 556.97579
0.13552, 557.66353
0.13565, 558.63361
0.13577, 559.35863
0.1359, 560.30633
0.13604, 561.16067
0.13618, 562.07222
0.13631, 563.06466
0.13642, 563.83075
0.13656, 564.86925
0.13668, 565.72605
0.13683, 566.74341
0.13696, 567.60521
0.13711, 568.69847
0.13722, 569.38989
0.13738, 570.53156
0.13751, 571.31134
0.13763, 572.39704
0.13779, 573.26129
0.13791, 574.24627
0.13807, 575.15414
0.13818, 576.11297
0.13835, 577.12778
0.13846, 577.96599
0.13862, 578.95843
0.13874, 579.79918
0.1389, 580.87365
0.139, 581.58876
0.13916, 582.6285
0.13927, 583.35975
0.1394, 584.42799
0.13953, 585.12574
0.13968, 586.20766
0.13978, 586.97998
0.13994, 587.90654
0.14005, 588.77579
0.14018, 589.73218
0.14032, 590.65741
0.14043, 591.56037
0.14058, 592.52666
0.14069, 593.36364
0.14084, 594.45924
0.14096, 595.23534
0.14112, 596.29244
0.14122, 597.04362
0.14137, 598.07457
0.14151, 598.79714
0.14164, 599.8617
0.14176, 600.59663
0.14189, 601.51073
0.14202, 602.39122
0.14215, 603.30286
0.14228, 604.19326
0.14241, 605.06752
0.14254, 605.98539
0.14265, 606.74903
0.14282, 607.85832
0.14294, 608.61818
0.14308, 609.64545
0.14319, 610.31828
0.14332, 611.41757
0.14344, 612.07926
0.14358, 613.11399
0.14369, 613.80787
0.14383, 614.70082
0.14395, 615.56639
0.14409, 616.44944
0.14423, 617.42819
0.14433, 618.24525
0.14447, 619.15802
0.14459, 620.0286
0.14475, 621.07702
0.14484, 621.73994
0.14498, 622.76466
0.14509, 623.48345
0.14524, 624.49826
0.14535, 625.19469
0.14549, 626.2382
0.14559, 626.91226
0.14571, 627.83871
0.14582, 628.63585
0.14592, 629.48652
0.14608, 630.35087
0.14617, 631.17661
0.14633, 632.0522
0.14643, 632.85189
0.14656, 633.86793
0.14668, 634.54944
0.14681, 635.619
0.14692, 636.26813
0.14705, 637.28672
0.14717, 638.01052
0.14728, 639.01287
0.1474, 639.68693
0.14755, 640.62962
0.14765, 641.45291
0.14778, 642.30112
0.14788, 643.15424
0.14801, 643.94893
0.14812, 644.79213
0.14821, 645.56568
0.14835, 646.55679
0.14844, 647.24954
0.14858, 648.25945
0.14867, 648.84515
0.14883, 649.92462
0.1489, 650.6808
0.14907, 651.80255
0.14916, 652.5189
0.14928, 653.40061
0.14937, 654.15056
0.1495, 654.96139
0.14957, 655.81828
0.14969, 656.50225
0.1498, 657.31563
0.1499, 658.10909
0.15003, 659.03309
0.15011, 659.53309
0.15022, 660.46701
0.15031, 661.06517
0.15044, 661.99418
0.15051, 662.58488
0.15065, 663.55373
0.15074, 664.12206
0.15084, 665.0237
0.15093, 665.72635
0.15104, 666.55587
0.15116, 667.40531
0.15128, 668.21369
0.15139, 669.10041
0.15149, 669.83912
0.15161, 670.77804
0.15172, 671.51675
0.15185, 672.54402
0.15193, 673.12605
0.15205, 674.05884
0.15213, 674.68682
0.15226, 675.62574
0.15234, 676.20041
0.15245, 677.09203
0.15254, 677.81583
0.15265, 678.65904
0.15277, 679.41144
0.15286, 680.17007
0.15295, 681.01828
0.15307, 681.82411
0.15319, 682.82145
0.15328, 683.48059
0.15343, 684.50919
0.15352, 685.11736
0.15365, 686.14331
0.15374, 686.75271
0.15388, 687.73146
0.15398, 688.34709
0.15408, 689.25618
0.15418, 690.00735
0.15429, 690.88774
0.15442, 691.81808
0.15454, 692.65373
0.15464, 693.49694
0.15477, 694.35628
0.15488, 695.36619
0.15497, 695.91083
0.15508, 696.81624
0.15517, 697.48784
0.15532, 698.53504
0.15542, 699.11828
0.15554, 700.15546
0.15563, 700.73626
0.15577, 701.64535
0.15586, 702.41144
0.15597, 703.27446
0.15609, 704.11645
0.1562, 704.95097
0.15634, 705.81032
0.15642, 706.56272
0.15655, 707.55894
0.15667, 708.24535
0.15681, 709.30868
0.15691, 710.0238
0.15706, 711.081
0.15716, 711.77497
0.15728, 712.86936
0.15739, 713.52237
0.15753, 714.4427
0.15763, 715.21502
0.15775, 716.1093
0.15787, 716.87416
0.15797, 717.6478
0.1581, 718.48355
0.15821, 719.28693
0.15835, 720.21726
0.15846, 720.96977
0.15858, 721.96088
0.15869, 722.63504
0.15885, 723.77549
0.15894, 724.34014
0.15908, 725.37487
0.15915, 726.06639
0.15931, 726.98795
0.15941, 727.70194
0.15953, 728.657
0.15964, 729.48284
0.15978, 730.34351
0.15991, 731.23279
0.16002, 732.00266
0.16016, 732.95526
0.16025, 733.66547
0.16039, 734.7189
0.16049, 735.37303
0.16064, 736.49489
0.16075, 737.1093
0.16088, 738.14035
0.16096, 738.79704
